0,1,0.24991612250016906,152.78989505437832,150.5136716889172
0,2,0.08789021786996874,83.63808628927053,88.73724853037126
0,3,0.0645643799739369,63.25973451343787,69.29343460827339
0,4,0.05761016248646429,55.38945520790391,61.15592031445653
0,5,0.05371712280784623,54.05325362921586,60.33437790023325
0,6,0.05206632847755642,64.66177335164952,75.44950481242003
0,7,0.04990286960945291,51.31953941332015,57.37714512256795
0,8,0.04805066499669673,45.309043920576364,51.86471580212955
0,9,0.04650997976630421,60.63443950468281,68.08638265656262
0,10,0.045007762893781826,54.34708788980662,63.386447780223676
0,11,0.04363714777312036,54.71843664373906,59.87415509107636
0,12,0.044721496117822196,40.375803384813885,47.09978744958751
0,13,0.04347301053546243,40.73566141260537,47.04148204152177
0,14,0.04172221899537717,44.763348044821136,52.17507819597729
0,15,0.03980575558745255,38.57995520001052,44.498100619698235
0,16,0.03948885221349991,43.54658874590917,51.37042005718377
0,17,0.03844327504857112,100.80055982596322,112.0947952802173
0,18,0.03815361323876906,364.2592903322002,362.1119026423331
0,19,0.03794255142368502,39.51638817374681,44.87792336733084
0,20,0.03799162069493431,46.025004964386305,50.75532188814276
0,21,0.03770242527253547,37.70434114924764,42.16581396109551
0,22,0.03685579843566579,36.267987554873564,42.0140844803654
0,23,0.03609488194145388,40.11803298178016,44.28603303224783
0,24,0.035466243844416184,37.35393831556644,42.70704445523252
0,25,0.03493328174670874,36.63500245302194,42.36383553082935
0,26,0.03485274488516783,570.3377700066484,569.7405324264686
0,27,0.03460220231721967,38.12679660196535,43.265486341735624
0,28,0.034476408135082764,47.438061608575204,54.62598074271704
0,29,0.034245713093018125,48.79335179048426,55.05466689797644
0,30,0.03417929969096588,542.8364678089182,539.5440587698375
0,31,0.033782505288215005,51.78154065947219,56.5440219320902
0,32,0.033768552529104684,43.12836243784552,47.211804220485355
0,33,0.03367955906916473,35.02863333546991,41.97472756748
0,34,0.033066435953823185,38.034500407512624,45.401311362661964
0,35,0.03306229504109439,40.278892688685225,45.425400418271586
0,36,0.03290793113410473,215.84203536617716,223.74977319165805
0,37,0.03328266828241995,34.64729849112488,40.042967098515206
0,38,0.03256264515221119,37.19221232589141,42.772173652250174
0,39,0.032671301704594646,34.66577827889201,40.66126709781873
0,40,0.031806939897143234,402.036120114442,406.76692640989086
0,41,0.03177828622697774,38.772694963897386,46.1972185659907
0,42,0.03067061825955318,38.10112167147204,45.681067516579446
0,43,0.031107150744331086,35.55748248017783,41.95081326687377
0,44,0.030957242758092234,35.8322910305538,42.16778818655512
0,45,0.030874246478838435,368.5916133735419,377.34031650662837
0,46,0.0304729693206185,86.93364828433133,95.93344322231174
0,47,0.031702891213156406,44.05981562129354,53.18935056679756
0,48,0.031288333805435796,57.015125244959,63.90272594412029
0,49,0.029487450180922525,33.80446014437296,39.08108539780673
0,50,0.02887685789521468,52.24556351037999,59.32089302514903
0,51,0.02825998944246163,67.54618694543014,75.08286700763769
0,52,0.028426463257963375,44.847880911249604,51.07651610823043
0,53,0.02837324293993287,31.816134292774134,37.313425891490766
0,54,0.028366897097330982,37.11664801732891,43.252642495291575
0,55,0.028381404356431154,33.97272198092979,39.47478287394454
0,56,0.02821387006443436,431.885756891904,433.25046238915843
0,57,0.02783144208586822,32.44377339339999,39.4868903774833
0,58,0.027978136725092338,84.9662374047672,94.1430158448967
0,59,0.02774315324248904,42.142924163580766,48.104572993953056
0,60,0.027811410379106716,31.98142401817348,37.83257430937232
0,61,0.027759732047127464,31.400382952706625,36.848864110089345
0,62,0.027291780369261564,32.32232604472282,37.33391463715025
0,63,0.027219932179077196,36.8069917751431,41.76172919721969
0,64,0.027652829632920733,32.957196601946876,37.66320733326237
0,65,0.027557483037649575,35.16874940337607,40.109368320956875
0,66,0.027472014460018127,183.16593385980204,188.31469410221752
0,67,0.027275356353592066,32.915677610153146,37.690770587854686
0,68,0.026995930220868627,117.99829725905686,126.4096200125558
0,69,0.027198370419821497,31.097723969126243,36.380337572263926
0,70,0.02666264178894334,30.88123584701116,40.50095889128043
0,71,0.026884397176110138,32.024171205540426,52.56120763506208
0,72,0.02689861904008914,172.99070242119495,180.14783432591668
0,73,0.026687101760910728,31.9415863459498,36.88512766236627
0,74,0.026872112210524286,31.300178961770346,36.60601259690129
0,75,0.027016380991218454,35.27930659488823,41.802631221997196
0,76,0.026662288170497296,32.41395978036636,38.131207276719785
0,77,0.026609610103197016,30.661890183353094,36.389821128978134
0,78,0.026652822397270445,32.22646355876461,38.412364494509816
0,79,0.026518419037683535,31.396711308238416,36.761746197212034
0,80,0.02654903842988661,32.707207428955286,37.50948250335268
0,81,0.024659454222705404,275.51195416566,280.8566488339095
0,82,0.024536614700899285,30.246315269734207,36.07384826248116
0,83,0.024718020584876255,29.244499044847323,35.16913849634576
0,84,0.024486178027118666,29.928315845740297,35.649480839639594
0,85,0.02512414295668319,32.5974408714004,37.39288966414821
0,86,0.025632658941765963,30.986131468446196,36.54349427771485
0,87,0.02537786136618105,31.582437140718877,37.22817402683484
0,88,0.025555234307707366,31.847361016850982,38.82861048668519
0,89,0.025682737166851252,32.14944304066958,42.04411460464424
0,90,0.025899087947051404,31.330556628613323,36.08044162444536
0,91,0.02588713475329391,31.70860823462991,36.781985535438885
0,92,0.02566617749378843,32.27485175116252,38.06470363563777
0,93,0.025730352722487207,33.23997551842132,37.692838356469984
0,94,0.023737187828805486,29.246392075165744,33.74410241489211
0,95,0.023775084512466092,29.095915909869447,34.359445807825814
0,96,0.023916871271143527,30.159536295696114,36.79250038957762
0,97,0.024431957942196877,30.364089749676133,36.50199077685951
0,98,0.02461045064916045,29.978771767401778,34.564447117184095
0,99,0.024713846744369654,29.661861843716313,36.868351856590564
0,100,0.02452376860556966,30.154084043931796,35.442120804603924
0,101,0.024164664511710912,27.978783470536598,33.19308490620258
0,102,0.023287281394004822,29.792502327361323,41.01463365056374
0,103,0.023711951070670353,29.708837461306562,34.6784646668916
0,104,0.024061954943305354,30.270835838515865,36.38206145987694
0,105,0.024229142246610026,30.343083818891056,37.50720926942726
0,106,0.024398908019065857,30.129981596989616,36.32600745091455
0,107,0.024435397332250062,32.347109236931715,37.316750177522984
0,108,0.024052050501360733,29.69344420086554,35.09557123549724
0,109,0.02445785805456719,30.014618854621702,35.0468346565858
0,110,0.023827875916988164,32.92689587253188,38.59968151531153
0,111,0.0228641978386095,30.852989096130056,37.89448259931824
0,112,0.02346342454774905,39.232963497663455,45.71928710140002
0,113,0.02382926349291357,29.92581410556516,35.52816364407955
0,114,0.023988709264134957,30.303978019107173,35.82251689990638
0,115,0.023841985769696154,29.515179743816283,34.28808307647705
0,116,0.02402735883527893,29.892404432527748,35.32519974858088
0,117,0.024031619809694208,30.209980235380286,34.92832012375888
0,118,0.023993238838294805,46.17469998461977,53.01083848534561
0,119,0.024085294044876502,29.613934571355273,34.97305292867202
0,120,0.024126065326696734,29.820710660677054,34.27680047796163
0,121,0.023961848973975342,30.407996001128094,35.22423014823568
0,122,0.024428100877646672,30.091340599588044,34.86084378139483
0,123,0.024119608767204367,32.036477407369645,38.30647568586396
0,124,0.02418390914040097,153.0178091847773,164.55054386152207
0,125,0.024178345640332013,29.175067467673014,33.976649995464896
0,126,0.024012330698512368,28.867707381198976,33.66597109140004
0,127,0.0240205695568505,29.563798115740184,34.942929716475746
0,128,0.024149611087168676,29.490555962889253,34.808712673519544
0,129,0.024159425838013827,30.76473704671365,35.39233538664176
0,130,0.024276980846110036,29.515721202309155,34.346267328029725
0,131,0.024454772945935444,29.665892114276293,35.15704768044608
0,132,0.02452585906169172,29.841860132646396,35.017446777131084
0,133,0.024627509005999162,29.998972318576694,35.24544138692397
0,134,0.024445909880480524,30.097861286678118,34.91720669444015
0,135,0.024423749265024216,29.349820353168106,34.568162469498375
0,136,0.02412725732488147,29.080697325274194,34.515607893674634
0,137,0.024311468983858317,29.986115487801573,35.56188891407505
0,138,0.024578526552955983,29.613576695993284,34.71950798499875
0,139,0.02463638719360707,29.786657277275534,34.75464991991528
0,140,0.02435926890979379,29.500091943773842,35.00953202131318
0,141,0.02455302413111016,29.914675827257362,35.46028844653937
0,142,0.024841680207242398,29.99512102282171,34.71436136026416
0,143,0.024928916182558415,30.17247954536887,34.94548590258024
0,144,0.024592629649629025,30.151511014126577,36.06385381545755
0,145,0.024722509812247957,30.01226863151603,35.00326557691089
0,146,0.024843628912911576,29.584121844347784,34.661069457954646
0,147,0.024282729568875443,29.470735984690048,34.449286666896704
0,148,0.024528152419854017,29.616848571077764,34.729365724304415
0,149,0.02473865727246818,30.339926318726324,34.79313015688587
0,150,0.024730360135436058,29.79766172356259,34.82421303127701
0,151,0.024883736019669953,29.956951802989604,34.680454792461326
0,152,0.024849976334026306,30.134255155147567,34.52615794072168
0,153,0.024878999502477,29.868870531398944,34.74909508602129
0,154,0.02489881773116225,29.970706656729885,35.06857900253987
0,155,0.025036423861727875,29.98178037887626,34.954541887555806
0,156,0.02504578179095761,29.983533727256486,34.91543880821521
0,157,0.024941840729976104,30.077544831899623,34.930025648987666
0,158,0.02495251220287913,29.890422439905187,34.652359573683256
0,159,0.024967837542042893,30.055382591630348,34.75793831190581
0,160,0.02476146223686509,29.68507574338814,34.554560478556034
0,161,0.024524623180850077,29.57791009163774,34.4450353496166
0,162,0.024582317856661345,29.671992501585542,34.81013916759956
0,163,0.024775115141676643,29.781196280746723,34.6297043657469
0,164,0.02498484185060202,29.970230467179242,34.86549279415649
0,165,0.025199781819167783,30.333285551995143,35.10294687955637
0,166,0.025333950864308973,30.297941899217125,35.170797132033506
0,167,0.025418565940048734,30.401354590089262,35.20094117553392
0,168,0.025190373251246193,30.192782833501955,34.89351995315286
0,169,0.02502593028722173,30.130080615772922,34.99847626436878
0,170,0.02509829664003041,30.07029506409457,34.827641699787634
0,171,0.025023677623120404,29.940301886891824,34.90494539014969
0,172,0.024985825295670557,30.0363147242259,34.89906441625402
0,173,0.02503165261725248,29.85416403608751,34.71700387549317
0,174,0.024951966731982717,29.934637696685265,34.6846552559723
0,175,0.025084156101032838,30.07092860165764,34.71527251133936
0,176,0.02508736070308645,29.936438937500686,34.85266371138835
0,177,0.02495892405888792,30.034108197400315,34.90081559822534
0,178,0.02498108694740271,29.969452405058387,34.76037293277967
0,179,0.025089585743213103,29.946553675773647,34.72435016166873
0,180,0.025127149423805333,29.991454906529622,34.78781700466568
0,181,0.02502325919093722,30.135558690991783,34.85268211032455
0,182,0.025105978125485325,30.063933690114006,34.84753272093131
0,183,0.025124003794991363,30.05933323285984,34.87462356780049
0,184,0.025152355053667294,30.148005612581247,34.918153128142144
0,185,0.025208354817103533,30.27819366191085,35.0368328393544
0,186,0.025203891698334178,30.156482819454894,34.880124716808574
0,187,0.025200317345433317,30.231253406168268,35.07525661681172
0,188,0.025268607441399058,30.112075496297393,34.93296726572389
0,189,0.025273199524667302,30.207082949707665,34.93086463649099
0,190,0.02530866908698769,30.29228766484244,35.028364540392516
0,191,0.02525713446281724,30.305282794068017,35.06488194947459
0,192,0.02533316419665086,30.269542544770818,35.03491486738783
0,193,0.02534364836322049,30.36451100148132,35.14585786746354
0,194,0.025354287445040074,30.239707824680632,35.02822728439491
0,195,0.02532281224631657,30.341326942905834,35.185831588319786
0,196,0.02526561382337142,30.250008751364316,34.98025171432761
0,197,0.025206260825112715,30.164345940916597,34.92377411779211
0,198,0.025057564915741903,30.264358545257146,34.99118954130166
0,199,0.025167336750586154,30.05459491851833,34.85500310439266
0,200,0.025135330729565378,30.11460530469162,34.92569230907055
0,201,0.025124123604115794,29.87591764506172,34.85201411961678
0,202,0.025113935850686945,29.8747522426724,34.82408869806483
0,203,0.02503396071872469,29.91344789980192,34.886802450705076
0,204,0.025112038730817327,29.85856724610378,34.814201577615236
0,205,0.025086697380421526,30.14707186230326,34.96866022834379
0,206,0.025097311427027494,29.947119889374836,34.80031655142116
0,207,0.025076457030944906,29.96513792140261,34.8138094779091
0,208,0.025003998240424416,29.97386923133296,34.824585705268674
0,209,0.025089188494672208,29.918972805709576,34.788013434991605
0,210,0.025100005253896874,29.87044358665968,34.78942558075908
0,211,0.02512039900836298,30.046663165504956,34.87484657805971
0,212,0.025159148088956283,29.966867601995236,34.79047422708119
0,213,0.025111675136170145,29.979691134192127,34.83983579828349
0,214,0.025114318134926133,30.099394361040584,34.894178207743046
0,215,0.02519153295305826,30.091197335596316,34.91950508941757
0,216,0.025228840441016826,30.0335134750419,34.85059689644737
0,217,0.025152373111854167,30.008207703131706,34.81689786080284
0,218,0.02520550806391037,29.90230049311496,34.809609918228844
0,219,0.025203785937974007,29.884536857010996,34.77216416535062
0,220,0.025061948919447803,29.946564610029174,34.89603658337211
0,221,0.024970175856250828,29.889509286022516,34.79916052868142
0,222,0.025012957090038365,30.0028317230383,34.8900791593545
0,223,0.025022147507485697,29.95374818161697,34.85837946702379
0,224,0.025001986488952476,30.00507934365718,34.92667460358517
0,225,0.025084426879125127,29.966189873672274,34.83363945725072
0,226,0.025088667806427357,30.02527758324435,34.86831756086715
0,227,0.024972394834888185,30.01993397032926,34.85737310801649
0,228,0.024933036037925946,29.970664418692408,34.77178266571789
0,229,0.02494543036288124,30.040311153372265,34.77287636069055
0,230,0.02506096522181721,29.96342887020441,34.77169917435596
0,231,0.025121289068612003,29.91108035958762,34.79940960382335
0,232,0.02507233790169328,29.95043701614063,34.64517396999984
0,233,0.025059774959996596,29.94705613674177,34.814465153923436
0,234,0.025055369614797124,29.92287014099966,34.75939142579401
0,235,0.02501297139136468,29.918422975342168,34.814868996783
0,236,0.02502285379727008,30.085923831768103,34.8978119660753
0,237,0.025056824498509957,30.10189678594728,34.853844157494734
0,238,0.02505918898446075,30.060587554654447,34.88361551703476
0,239,0.025135799895151186,30.025442224060374,34.920932636859106
0,240,0.025158108922384553,30.030007635433368,34.85663463180489
0,241,0.02520661949479984,30.121206510438228,34.87857884064784
0,242,0.025147497432969384,30.19923738459815,34.96531388153183
0,243,0.02523913007166426,30.038522304548113,34.87167585020697
0,244,0.0252010716851485,30.073452677281256,34.97249517208192
0,245,0.02519173711790877,30.121217272273398,34.91270748497302
0,246,0.02524237685158091,30.16564715692329,34.96828998339716
0,247,0.025180923926123117,30.17909611715165,35.00576611429141
0,248,0.025205234381354462,30.082521318151876,34.914717827109094
0,249,0.025179428695622137,30.120097057217134,34.93358342905078
0,250,0.025230247843063484,30.0842821523805,34.885653582184155
0,251,0.025203423542996584,30.080666957842023,34.969445570836086
0,252,0.025197335376830426,30.123220461875096,35.02000898766601
0,253,0.02527947108245502,29.953913378468023,34.88541906802081
0,254,0.02523821128248158,30.095304102221164,34.97515203562348
0,255,0.025191963981773893,30.047407608956203,34.89318187062333
0,256,0.025218469737950017,30.111044279019314,35.00251907587882
0,257,0.025244550021775697,30.03303402600404,34.903391266533724
0,258,0.025272020312436555,30.058781143703264,34.97974733691598
0,259,0.025277249199354042,30.129269517416773,34.98894889512544
0,260,0.02528547820777206,30.082429049336785,34.94943645689961
0,261,0.025275339419811457,30.097628382250512,35.01472028539571
0,262,0.025249269996154105,30.08339986999142,34.95579006115319
0,263,0.02526779144497241,30.096260859479543,34.95822467205832
0,264,0.025300646137635587,30.060939179984757,34.99167803521771
0,265,0.025213802264908613,30.06995698159954,35.01575314790945
0,266,0.02512410715601202,30.0228335832642,34.91523817441189
0,267,0.025105099177966685,29.844021302193507,34.79170650721427
0,268,0.02502368917783438,29.852171960586496,34.70409244444312
0,269,0.024966636199062153,29.880390386680418,34.77969288909061
0,270,0.02494896136981956,29.861476527778336,34.7879410720453
0,271,0.024867389351129532,29.749847042519328,34.574296715367545
0,272,0.024822362240845875,29.73505819380077,34.62650404740709
0,273,0.024762514568233893,29.80917425551629,34.5979766314038
0,274,0.02474776254493301,29.747111539939695,34.62714882760928
0,275,0.02471628362091921,29.76648526208211,34.556795113593445
0,276,0.024699782921096026,29.6043300075927,34.53743801715066
0,277,0.024661630171082787,29.65019498234389,34.49682895314818
0,278,0.024642634473867334,29.758700558883508,34.530990534127795
0,279,0.02473301462576551,29.652090772212997,34.50187353805382
0,280,0.024664994045081785,29.72075218972863,34.63026097261117
0,281,0.02468963178916503,29.621853425841017,34.43506093639945
0,282,0.024684758667471045,29.61041334261119,34.44702250783036
0,283,0.024743417183221397,29.66181648231295,34.57468912742694
0,284,0.024789962538723218,29.799532980242404,34.605565496438054
0,285,0.024879153628470534,29.63117058466875,34.50775560850881
0,286,0.024873662708421885,29.717051260199103,34.439864467660726
0,287,0.02486554167028201,29.728613959051746,34.620993285228984
0,288,0.024821006771871598,29.690355648218965,34.50553311537367
0,289,0.024850635489417336,29.68909786316763,34.61165423841842
0,290,0.02481582779753006,29.59633375946626,34.443647886402516
0,291,0.024744612685704635,29.71596685660339,34.519038366523766
0,292,0.02475258259702537,29.659262772662416,34.47484494584778
0,293,0.024725532632763104,29.67647105022285,34.540574598810814
0,294,0.024807610564817815,29.595125727175017,34.59900207386615
0,295,0.024779182400996403,29.761973244921148,34.70819494200916
0,296,0.024833415366582953,29.6716588492212,34.68635731540906
0,297,0.02484036549546961,29.74699453911567,34.74929492564982
0,298,0.024906235005138284,29.706264866264632,34.73946578328202
0,299,0.024964062055036172,29.84419987935921,34.880438807949375
0,300,0.025025718703360882,29.800339792838972,34.869593949268086
1,1,0.2603519962362523,178.65428083287205,179.0874524266047
1,2,0.09233597286467282,66.75710727467256,73.53890462204139
1,3,0.06701485018404026,63.099030611986784,68.51507563042723
1,4,0.05907468019791369,51.781738403136714,58.95984088086916
1,5,0.05436588395035492,264.6229385947161,172.83267164064202
1,6,0.0528655691810374,147.13648711423824,152.11480137363128
1,7,0.05135133686774182,45.303100983726786,51.733525844401186
1,8,0.04926737440082262,44.86891873864567,50.71661822887248
1,9,0.04752196118516742,44.56221437836713,50.77744052634422
1,10,0.04647865891456604,41.320325248891656,46.640692069555406
1,11,0.04456827248323639,43.125560203338054,49.73616631936529
1,12,0.04326906146587066,489.11963678043793,385.6248427866228
1,13,0.04282499652988506,675.1281639384713,600.4269126333842
1,14,0.042062272651577894,40.50040036624765,42.60531023736615
1,15,0.03918550641469236,47.83758397255352,48.71817725709922
1,16,0.040087655256941634,40.979370149061644,42.33505147674773
1,17,0.03922625806815219,39.839212024658124,44.319558964373755
1,18,0.03866939239625661,619.8936129320114,540.6715433472956
1,19,0.03819509813526891,51.84566846225351,46.10157606410648
1,20,0.03779415484025793,38.71579380137398,42.20136118101326
1,21,0.037161991913925926,323.5145064899628,239.49297657079399
1,22,0.036615349809235,351.33616427661264,227.2569977763638
1,23,0.03583270490591256,49.14413104631046,49.92787666187885
1,24,0.03497108325081052,39.621141534948094,40.0375448286741
1,25,0.03645476213884803,450.93717013272374,346.42069571358815
1,26,0.0356195764791853,55.19523571646787,52.556675083545855
1,27,0.03606091731421228,41.73752085384838,40.51697744974276
1,28,0.03554206179841509,40.07785399559347,41.065078974600866
1,29,0.03427689511961532,261.4547339454692,174.5205989930688
1,30,0.03406470560662027,51.02761549822149,55.778899561652736
1,31,0.03420042858090041,42.296272659301756,42.25857086713306
1,32,0.03254117310609458,41.39220653204995,40.64152278966605
1,33,0.03218861911797299,38.908009845942736,37.48712993581951
1,34,0.03212201915119054,46.69297084094369,43.95682445220415
1,35,0.03185332664903605,165.32367776880926,108.93480429832113
1,36,0.032105893423815944,38.5217749858285,36.607810103519455
1,37,0.031516296156453634,38.77914691965848,38.484786655013984
1,38,0.03134956340885387,43.8137690039242,40.59872455796298
1,39,0.0316184401371569,39.29424786695184,40.26244605792109
1,40,0.03168711333342318,99.50478882611117,69.85693930915008
1,41,0.031292078735412295,37.49488547294535,37.14541679143075
1,42,0.0311520526642507,37.27450136845125,37.4169535952578
1,43,0.03084669697959468,191.38699346532158,133.29539359488138
1,44,0.031070598137547385,38.66441253430066,38.04519893898781
1,45,0.031358151397896265,39.85990008772376,38.61236274200865
1,46,0.031050746944153083,39.22555685897562,39.658634916830565
1,47,0.03139246448452743,286.3791196119339,204.94283363794202
1,48,0.03130498310586192,39.53324153895046,38.797853154172465
1,49,0.030722376521465915,287.5947400995754,217.53066471644811
1,50,0.031173908766710532,44.99443975948395,40.470037214432026
1,51,0.030765979357485502,342.42312245088465,235.2421492466943
1,52,0.03115855649394809,40.39004613906942,40.86717072928824
1,53,0.030949002131819725,41.446273212636854,40.41964676155861
1,54,0.029995023606801934,39.037490752227804,37.00963028964265
1,55,0.029656723879699438,39.60556940509674,37.35900569211315
1,56,0.028503192483254197,38.1647518899989,35.23894623347691
1,57,0.028581717982888222,37.69076507359265,34.81304228845789
1,58,0.028340503924860143,148.81559044333065,84.390940835667
1,59,0.02885596675552287,60.266406070484834,44.80433686685064
1,60,0.029018183186087967,38.15451200429131,37.35275932803802
1,61,0.028962715792487253,39.28743003804416,37.81749489083107
1,62,0.028859535653917294,42.428788832802184,44.10129671395863
1,63,0.02859504977768322,91.26853477967614,64.96061015378308
1,64,0.028971867811567378,42.199540551333506,38.16641274561865
1,65,0.0287032849946112,38.4088131311743,35.56739680526149
1,66,0.028459305892575462,39.6869128150736,37.46661913270319
1,67,0.02845769628601254,38.10425634212035,36.46118513632319
1,68,0.028411875355918454,38.55221492268822,36.33942086023736
1,69,0.026798321988503886,36.824971645018636,34.199877649234146
1,70,0.027823482727948226,38.33172818811182,36.27374863375355
1,71,0.027956246275384473,38.09960253672166,36.686124396241084
1,72,0.02822955620457541,37.97157508498207,35.920503048115904
1,73,0.028471893789070956,42.69505450814803,40.08115174296841
1,74,0.02842877169122111,38.3993278131128,36.33046116313868
1,75,0.028654914595327288,38.351976820109364,37.66556631812651
1,76,0.0286636666377198,248.90365614457565,162.94741861163948
1,77,0.028445903071255055,40.699686903239574,39.934429587387456
1,78,0.028424097752233722,38.171588339270116,36.781474635160755
1,79,0.028489632145413814,39.06748243385458,36.74345785067887
1,80,0.028804035259867616,42.141759553185125,43.446774346487864
1,81,0.028522374635597446,119.64646176832882,72.82093841605901
1,82,0.028368658755185468,37.766014533629395,34.877556691186356
1,83,0.028060320905357036,38.199418664934804,36.528542847583516
1,84,0.028255886169818212,38.536969789081716,37.19412352731419
1,85,0.028431757230241345,39.078394690681904,37.27123991205302
1,86,0.028351995812834433,40.78382107076798,43.64317585283871
1,87,0.028219935607235385,49.82684456116375,41.625630647878616
1,88,0.028134981978614377,38.62822217801038,37.23139999801689
1,89,0.02867061012196091,38.60072524611325,36.602469597128625
1,90,0.02865120490907498,38.25375686405814,36.5677669006773
1,91,0.028691632989442575,39.113518554896594,37.36540169666038
1,92,0.02817589930205975,38.91797761509125,35.41463882167165
1,93,0.028288242002984264,39.15465373011197,36.760465336178235
1,94,0.027670961505961867,38.27098080761292,36.36095207161189
1,95,0.028159620310619193,37.464725648145624,34.993115980035334
1,96,0.02842586396156617,38.80034328730986,36.86523199912148
1,97,0.028472291094795713,39.25607394999999,37.84502453089591
1,98,0.027713193716305606,38.03256004404894,35.30039350994788
1,99,0.028178202515503147,38.76007558432492,37.07832237403152
1,100,0.02870338831870061,38.970565514896,37.617907437713306
1,101,0.028758155006282735,38.153879646375216,36.3598671590825
1,102,0.028943315148353577,39.2943183000075,37.59529950809811
1,103,0.028682341658562985,38.6852910713716,36.288188648556165
1,104,0.028539457411136268,39.93743899735537,38.35954519929786
1,105,0.028961994843381755,38.67418380943849,36.55071552289903
1,106,0.02879919779469382,39.44332872686539,37.826537255210745
1,107,0.029040225553062727,39.15367947287738,36.495123301648924
1,108,0.028806003197184148,38.957558707629936,36.92798768020258
1,109,0.02931519372845596,39.51269061871391,37.57957885821937
1,110,0.028304610155382246,37.72377189193817,34.899012126989064
1,111,0.027387974467479956,37.949207568678624,34.887379250875334
1,112,0.028084821577342052,39.37225219540417,36.41180381043863
1,113,0.028643882850993355,39.19414899145218,36.78599495505622
1,114,0.028610406443476677,38.99173093753703,37.177457553584404
1,115,0.02895350476621457,39.09615093756487,37.16968100743842
1,116,0.02938840833475005,39.39066025981291,37.423224558813644
1,117,0.02953244281827279,39.922744086591955,38.15981468838682
1,118,0.029015386406824273,39.04977408857906,36.343170162692715
1,119,0.028920651044485705,39.078655932421356,36.79138620556024
1,120,0.02939933682528307,39.65497983713201,37.726970157556835
1,121,0.029632776940487465,39.623369261160256,37.53288324867807
1,122,0.029812126824597142,39.52747864480962,37.09609989671342
1,123,0.02909616286040477,39.973919717385805,38.74861389585488
1,124,0.02958887625696524,39.68670120851241,37.75317990239904
1,125,0.0297200610544884,39.8923083746497,37.56312692289984
1,126,0.02977143389717588,40.07330181949279,38.01798462286228
1,127,0.030076675152160087,40.956780014446075,37.92618980474173
1,128,0.02996523383091081,39.985020117453715,37.718929144563575
1,129,0.030005123395964783,40.2202229996416,38.10808674882098
1,130,0.03003916488784664,40.192515457377716,38.18898341880028
1,131,0.03052491343246316,40.53052269596467,38.65581364581809
1,132,0.029674125026981784,39.448606024068944,36.97900472368513
1,133,0.028900885392191274,38.84753181207626,36.1834074046969
1,134,0.028498747052167945,38.64245825438576,35.99822875099315
1,135,0.02825237100697913,38.421203484318475,35.795265051546
1,136,0.028071700542602898,38.0999258796799,35.61321463900576
1,137,0.028160642235065408,38.35219138191346,35.668778034037416
1,138,0.028183814595049282,38.431747175537964,35.70452648255883
1,139,0.028322802259112306,38.307782053246214,35.81345208264394
1,140,0.02846755990582817,38.79058269370686,35.91710057408137
1,141,0.028312991179947584,38.60677994566168,35.78174167726098
1,142,0.028179397314505757,38.37385206974764,35.56338294624036
1,143,0.028072560733219364,38.440945868568626,35.555099304544804
1,144,0.027999389248917688,38.23812858650391,35.46777249711731
1,145,0.027978985412222036,38.13704681154241,35.4213172434099
1,146,0.02808411313958888,38.282201087538574,35.64109342688052
1,147,0.028266520573283143,38.47438858562612,35.72353849842989
1,148,0.028329982826451085,38.54413175831504,35.86175628157027
1,149,0.0284066258947242,38.507583559388145,35.94244343561578
1,150,0.0284569983915338,38.47745858755979,36.07151605692475
1,151,0.02846573718454478,38.75577371757936,36.163302780443786
1,152,0.028578991702986212,38.546141301310634,36.263379658556154
1,153,0.028725563355211942,38.73697451633566,36.45279214772613
1,154,0.02876198207432369,38.92074539623159,36.75670416429899
1,155,0.02887203959080408,39.062757565630946,37.050127378324184
1,156,0.028950484539821464,39.07277379533186,36.782913616725374
1,157,0.02898902122704488,38.68452966882583,36.77585422701952
1,158,0.0290629737571163,38.978573687318814,37.0045873063782
1,159,0.029133363855334948,38.839216092308575,36.94137126975774
1,160,0.02916208823334496,39.10940282701809,37.0341679111175
1,161,0.029195513084249676,39.211669493869024,37.35379324391329
1,162,0.029229043649052672,39.21720035216388,37.27083506899844
1,163,0.029166954200503963,39.18903599843622,36.996039659719436
1,164,0.029004387276352576,38.93240256908743,36.64237484283979
1,165,0.028877422389275622,38.83083034664552,36.665038228450335
1,166,0.028876404260408203,38.84504842426688,36.66753375156416
1,167,0.02908583294670537,39.11627033585533,37.12738438184253
1,168,0.029140240143773692,39.04734408160582,37.008479460606594
1,169,0.029060445761062065,39.233998574675084,36.94635949816023
1,170,0.02911990870422912,39.08341193696394,37.04251103617173
1,171,0.029082637842533725,39.199232723942416,37.17020788757643
1,172,0.029186826269581634,39.47527427067731,37.27911318802252
1,173,0.029157349910095054,39.3354810849868,37.0813228992635
1,174,0.02913869906849456,39.31575122198319,37.12393918519236
1,175,0.029135720980054926,39.224813250934375,37.03644928616514
1,176,0.029191619558435567,39.53201792495136,37.165107770248575
1,177,0.029196826635666612,39.298156874320085,36.859396110428335
1,178,0.029262462876877695,39.35737303125667,37.223975547099364
1,179,0.02933549926668968,39.44569939738289,37.22421382611637
1,180,0.029338640389296244,39.52485102058095,37.263616229598945
1,181,0.029479266126763146,39.69053731334401,37.61777702690417
1,182,0.029418568320150645,39.713326242900784,37.31572008963661
1,183,0.029488053981144475,39.54083419591985,37.193954929657515
1,184,0.029467008340190042,39.393765517798336,37.17731899833014
1,185,0.029395354208800028,39.508376652862935,37.26231845496839
1,186,0.029319462348830025,39.25021809645515,37.067142745759014
1,187,0.029381856498009753,39.245200959310175,36.88779895064723
1,188,0.02938400943464828,39.18241455669709,37.15039287460806
1,189,0.02933983634805904,39.10339110605219,36.922407671964955
1,190,0.029166742526697664,38.943155926306616,36.71812813456466
1,191,0.028963849616219412,38.69739609459505,36.42996652450296
1,192,0.028946329786811234,38.82486639124824,36.66772300441091
1,193,0.02880521796924888,38.73824783939729,36.48997783660889
1,194,0.028857158391543153,38.56652531305099,36.25594062339969
1,195,0.028958977850259474,38.708598048929225,36.46995948831379
1,196,0.029094585164819123,38.77232988065577,36.82729593137415
1,197,0.029113042291324092,39.119594641739035,37.13641470733005
1,198,0.029148489447697153,38.833298760748164,36.9632337583482
1,199,0.029233584461628267,39.179384091831146,37.24449835587877
1,200,0.029175972776874056,39.16026604334938,37.02187838205477
1,201,0.02916954296096316,39.03143465436079,36.86607505054009
1,202,0.02923720934480991,39.366816145086034,37.106781122161124
1,203,0.02920841081243641,39.18988709800384,37.23816692870668
1,204,0.029289473797071655,39.172298739491936,37.16824927645693
1,205,0.029313791789255052,39.39628924156893,37.330522188326206
1,206,0.02913788196472627,39.13761654104141,36.819313571012806
1,207,0.029004968245917896,38.918838897427136,36.70448772417128
1,208,0.028905877456912456,38.950956145837345,36.83173251068966
1,209,0.02881031820796571,38.81204942624199,36.65479853095078
1,210,0.028679059783242783,38.75957225000157,36.5959445242267
1,211,0.028634299647133304,38.64814686736958,36.47464529230204
1,212,0.028736531101870088,38.55613005811518,36.363550764343046
1,213,0.028769000099515014,38.69420270295067,36.37799992710871
1,214,0.028744290248965316,38.551414386920115,36.30636194607937
1,215,0.028598077700666663,38.56732224997352,36.22746921167141
1,216,0.028553677195647977,38.68266874060911,36.250767465252494
1,217,0.028589473439837403,38.384865850242065,35.96199274893837
1,218,0.02860877381743125,38.731543597116826,36.18381984723985
1,219,0.028675891564420936,38.557130722438586,36.22304405318735
1,220,0.028868624870226067,38.92086608958117,36.64898921886803
1,221,0.029159951779358793,39.16229625882949,37.04550189839008
1,222,0.02938030888590048,39.28835360181523,36.84167701774358
1,223,0.02930251403518443,39.22152207108105,36.91001548833548
1,224,0.029389206495768618,39.07001189458816,36.9083692271535
1,225,0.029353368113625725,39.18094770653362,37.02547391698751
1,226,0.02932111015719063,39.240788180050366,37.169208104602134
1,227,0.029377504656056187,39.267659254635085,36.90344414395322
1,228,0.02938027908357809,39.31153153837683,37.13230948830316
1,229,0.029410044820803515,39.32156269760693,37.397936462109925
1,230,0.029485192501320028,39.35807074404018,37.358388379060436
1,231,0.02940786383905501,39.28029589449021,37.21765738164922
1,232,0.029331151290603402,39.08535184133499,36.982447803643524
1,233,0.0292764655753689,39.13160944061483,37.03163183524634
1,234,0.02939267502219047,39.02554627484816,37.14002669397547
1,235,0.029315409725004772,38.92014261401273,36.66970226739757
1,236,0.02918949659984067,38.71364181628202,36.34788726846516
1,237,0.028973953763269028,38.6329971372125,36.35995712014441
1,238,0.028951163386117737,38.577848742989936,36.21765404877347
1,239,0.02898778537956049,38.649159434517436,36.60897157250381
1,240,0.029000432458969782,38.80283893582655,36.634365683233284
1,241,0.02904876781943834,38.93179796653635,36.84398861795352
1,242,0.029136048946178186,39.00565007625416,36.63723496028355
1,243,0.02907545579913652,38.72687464155615,36.38645406384086
1,244,0.02904108634113141,38.6878589648614,36.156259427087235
1,245,0.02897365043326369,38.744499020780474,36.4190097768963
1,246,0.0290548444005116,38.82901419248173,36.381069615327526
1,247,0.029077435931507148,39.116798382328156,36.539744184407624
1,248,0.029034698065721763,39.00918631477152,36.43689218381556
1,249,0.029099307497436146,39.212677316933394,36.52474463525965
1,250,0.029032033920850395,39.17061263208083,36.644866527995994
1,251,0.029018665716614364,39.0621407013526,36.79394825659563
1,252,0.029019622553913098,39.12859682603316,36.53736900369465
1,253,0.02908137043551454,39.23266500253728,36.70716868211168
1,254,0.029062786824860663,39.129293867228505,36.618423122977546
1,255,0.029043044613779715,39.10084496857648,36.858475027184035
1,256,0.029120312546784023,39.23060283928631,36.775902459015
1,257,0.02907291940360699,39.42000793441731,36.92916500942217
1,258,0.0290710263938274,39.22742415245842,36.75925596084329
1,259,0.029193197218876966,39.208302703260735,36.80689972535243
1,260,0.02918555345034824,39.39218778654853,36.984928566404335
1,261,0.029286918001917173,39.26196879193107,37.09497687376334
1,262,0.029382472014370956,39.34778698497915,37.02754219400758
1,263,0.029302682411277068,39.40418936594285,37.00333624849751
1,264,0.029360688590216188,39.68479936052771,37.30159390014223
1,265,0.02941416769798072,39.594092432445386,37.26463823617543
1,266,0.029416741346413235,39.59582420555665,37.0668618006158
1,267,0.029519624551231007,39.753553049513364,37.23960489346175
1,268,0.0295432559302393,39.53117744807891,37.159781897940285
1,269,0.029622054219527065,39.72549651497825,37.416706048653104
1,270,0.029635598004426597,39.773630522024185,37.57053794927298
1,271,0.029772526742714755,40.02147356278119,37.62738427883241
1,272,0.030354064625670325,42.18227964926531,39.585455399357066
1,273,0.03320427927768455,43.117023195684915,40.377289522815666
1,274,0.03225031343974032,41.831735490605155,39.25511978893745
1,275,0.03128224161435973,40.65653842094748,38.10702562498299
1,276,0.030100469530191062,40.2248688843161,37.66421340982258
1,277,0.02994665141516137,40.10076500426002,37.4826925490376
1,278,0.029815102171785426,39.986840927027124,37.47004610985414
1,279,0.02966882123277997,39.80907041937272,37.454427057857714
1,280,0.029552932934097526,39.722424362815,37.042074133710166
1,281,0.029432244809730997,39.67296906461053,36.978862825586404
1,282,0.029281517209590605,39.559259769495796,37.059662190879266
1,283,0.029244622075051633,39.45975533793954,36.814636419874454
1,284,0.029095942259959456,39.24130087077299,36.66542366240498
1,285,0.02911535878929327,39.14856841583303,36.57515029375561
1,286,0.02898126815990457,39.02580854089502,36.53529957030293
1,287,0.0289069061993428,39.027183487708555,36.44957811242612
1,288,0.02893953524389357,38.92122186964208,36.560602663286055
1,289,0.02894233009022362,39.02961423779554,36.586667193768335
1,290,0.029110407632476878,39.04711038728449,36.836665087045276
1,291,0.029192855687073943,38.899135033077094,36.56135277964097
1,292,0.02937278000391879,39.16544461186557,37.002954396636646
1,293,0.02955349959995387,39.27655973931685,37.024524987782335
1,294,0.0296067476694314,39.37022245835493,37.208537191464096
1,295,0.029637736110192426,39.50784661476625,37.22188116199879
1,296,0.029733026575929713,39.3865359098516,37.17940892076658
1,297,0.029683269771202555,39.28725205589743,37.1070968581409
1,298,0.02966676743806533,39.267394523314614,37.067958818495484
1,299,0.02966376966884676,39.44342788451495,37.66639921474125
1,300,0.02969463749454831,39.38791835346324,37.37948674524287
2,1,0.2472832966595888,217.72869019114643,220.33470797123394
2,2,0.08565081382791201,71.12806531573655,77.6442478990721
2,3,0.06283163925011953,56.79838837789833,59.61625269314968
2,4,0.05632147037734588,76.89511510866498,75.31954514772634
2,5,0.052808656357228756,111.58832740433719,119.25600923810687
2,6,0.05032755055775245,76.90763379718186,89.72797108028824
2,7,0.048711504725118475,55.80739799289528,58.42330311898155
2,8,0.04665293227881193,53.839844764919455,55.104992697047855
2,9,0.04517075251787901,50.553066243162945,49.89237377950954
2,10,0.04279660762598117,652.3057232498029,673.0889754345193
2,11,0.042528469922641914,57.912842314833895,58.9584846961789
2,12,0.04318807056794564,53.018642911998505,52.709540191012394
2,13,0.040854173712432384,47.53931304511674,46.18043030263655
2,14,0.039216954323152704,50.79632156792037,49.4752411991877
2,15,0.03886321404327949,50.67264432644625,50.7912159697104
2,16,0.03760932137568792,107.99554512303904,122.30018446918979
2,17,0.037489543793102105,59.57363017020969,65.1935130860332
2,18,0.0367156767907242,44.695979905784675,43.98299810363025
2,19,0.036279317922890186,546.0564512480289,568.3830555772947
2,20,0.035230850179990135,44.03563931841369,41.7503288946916
2,21,0.03474641454716523,409.03007123754657,436.6197380039335
2,22,0.03460749238729477,644.9622276936102,675.7377689374864
2,23,0.03467576817298929,47.18491524512615,44.97529632621526
2,24,0.035646691111226876,50.31992254694667,50.27417260678388
2,25,0.03423038466523091,43.33762927449077,41.8437283844898
2,26,0.03356870114803314,50.56464682762776,50.80319265704537
2,27,0.03375253155827522,47.406166402134325,44.22045852249092
2,28,0.033359416481107476,50.9542513016167,53.78851756318521
2,29,0.03260157415643335,60.70478996486839,65.84614261932904
2,30,0.032579344635208445,45.71010823731029,45.453778874998726
2,31,0.03260568768406908,52.90899867836489,56.793580424079494
2,32,0.03218346576516827,43.02687591412745,40.110284290247264
2,33,0.03192445288101832,43.26555048041387,41.38803644878109
2,34,0.03176230384657781,47.126037618654586,44.00133959673838
2,35,0.0316141680503885,452.0813465083411,492.971851096336
2,36,0.03218034440651536,54.44051600115015,59.22965586725428
2,37,0.03143471463893851,44.740939777269276,40.980053792016434
2,38,0.031030959698061147,48.103789978727285,47.02636029579083
2,39,0.03078871835023165,45.17387477279803,43.44140254828157
2,40,0.030951227402935426,59.373648883224625,62.38630435691063
2,41,0.03038127791757385,440.0982852760805,482.4976131425917
2,42,0.030179427471011877,624.4545636938252,657.4864834775493
2,43,0.029724083406229816,49.007188153048176,46.50121042205066
2,44,0.028937404820074637,41.85578713723279,39.47649871347673
2,45,0.028304646816104652,42.325114579156995,39.22678860720857
2,46,0.028223283340533575,41.21191257511804,37.897155396198976
2,47,0.028240472047279277,141.4065602923752,155.95001247286382
2,48,0.02808640437821547,41.21611637150476,37.62207141570513
2,49,0.027920195025702317,46.566813670167136,47.34491005342596
2,50,0.027443829365074633,51.325020583616485,56.04822755607579
2,51,0.02708973630021016,41.75982903296794,39.60855258383402
2,52,0.027373275936891636,41.78502925732814,38.91493271286064
2,53,0.02743947667380174,49.95239592210962,51.5716933473062
2,54,0.0273434458921353,234.69427256452929,264.8969828642204
2,55,0.026995203737169505,42.386223992513955,40.34400163710325
2,56,0.027007827566315732,246.14582051968355,270.9253880304742
2,57,0.027108029959102473,88.06354256726186,108.50437745150789
2,58,0.026688994001597167,39.630737754401814,36.04210250469035
2,59,0.026574086242665846,40.23774348617694,37.130823683655635
2,60,0.026229838468134405,39.162576860900316,35.218829311144894
2,61,0.02615844300016761,552.6728279883708,588.2338562011719
2,62,0.02632864536717534,40.51278613904201,36.21677589084213
2,63,0.026445255211244027,360.6452117919922,394.8900038556355
2,64,0.026351713482290505,41.541286417759885,38.80294102326503
2,65,0.02464400604367256,39.06672736176657,34.75726612768938
2,66,0.02525302767753601,41.44059724020302,39.03136493935402
2,67,0.025886501154551902,40.22048929721937,36.777715526806766
2,68,0.02602781616151333,39.64000852917312,34.93011354320141
2,69,0.02585167223587632,39.82276275529774,35.41587226149928
2,70,0.025996285676956176,42.48663383798862,39.34658850693121
2,71,0.025921519876768193,43.09596404679325,40.55709676709325
2,72,0.025761978949109712,39.59009604322801,35.00998232505878
2,73,0.025623191613703966,40.68598223869954,36.83682609850521
2,74,0.025664305003980797,183.80155746039995,203.35178112069903
2,75,0.02565924609079957,41.096895245893286,36.57054755579719
2,76,0.025582955436160168,41.86013145971736,38.243406993586845
2,77,0.025587616333117087,40.43369716154326,35.86205408382084
2,78,0.025528876204043628,40.493015970002624,36.16407688154161
2,79,0.025323376432061194,39.60497208691518,35.951114036480305
2,80,0.024819321682055792,39.866630944418255,35.25421531025956
2,81,0.02511904848118623,38.965114150790995,34.484828407340764
2,82,0.025148441518346467,39.40602450764507,34.73397974353219
2,83,0.02554535266632835,40.072376090233476,35.656830468659614
2,84,0.02557579381391406,40.61617624125349,36.19207670962769
2,85,0.025513508450239898,41.132051326156756,37.66730662422313
2,86,0.025342275636891523,40.06825556273854,35.51528452165451
2,87,0.02556214270492395,40.39195958058769,36.06802396741063
2,88,0.025834257000436386,41.558013587041735,37.95821911948068
2,89,0.025662606364736953,157.8616705028289,175.83497263413273
2,90,0.02596207509438197,41.10798763835102,36.59638505197984
2,91,0.02556109263872107,41.32701112939677,37.816141789798536
2,92,0.025856430642306805,41.18805516444215,36.89797275822337
2,93,0.025921828454981248,40.377535685268015,36.116067118761016
2,94,0.026146796035269895,42.12872854810242,38.18773031068596
2,95,0.025711805870135624,40.271371979669695,36.137897866943575
2,96,0.025737203378230333,40.496145010431974,36.09207631486633
2,97,0.02615877433369557,41.03260183946802,36.3732705830697
2,98,0.026248005994906027,40.93294760152834,36.16423526458208
2,99,0.02629899065941572,41.099473477284846,36.96377468109131
2,100,0.026455047136793534,40.26495458620404,35.75991725921631
2,101,0.025874363165348767,41.210553359985354,36.83295916181824
2,102,0.026429321647932134,42.610569875174704,38.38353776765617
2,103,0.026674337654064097,41.2199886794484,36.4908243903715
2,104,0.026993338856846093,41.340625831184035,36.709719003285265
2,105,0.02590616379554073,39.873942271941296,34.947297514938725
2,106,0.025527491482595602,41.15610798827005,36.790419345948756
2,107,0.025992798432707787,40.74985207548929,35.9651764726805
2,108,0.02640177678937713,40.67491573368738,35.938021636590726
2,109,0.026500567514449357,40.99203798661538,36.105751330013476
2,110,0.026934161440779765,41.190205605533144,36.27526981074636
2,111,0.02669590599834919,40.784223225794804,36.199734950314834
2,112,0.026870248715082805,41.156890401927704,36.43297781263079
2,113,0.026563146834572157,39.96115576192874,35.12724997357624
2,114,0.025981583539396523,40.90948664114016,36.1715661092087
2,115,0.026494260411709547,41.0374129549079,36.22153943756316
2,116,0.026451709462950626,40.991540565840694,36.19165439805087
2,117,0.026729384964952866,41.277114577687115,36.571860359936224
2,118,0.026870232975731292,41.150866008023606,36.45939285331487
2,119,0.02658262588083744,40.79238211430541,36.08701651769233
2,120,0.026531795722742876,40.7694182422183,36.07044219306122
2,121,0.026954819293071825,41.47815527259757,36.41919562376334
2,122,0.02685625609010458,41.27584567113754,36.38705789918268
2,123,0.027015780750662088,41.13547660232684,36.381295440089
2,124,0.027018608649571736,41.096894411209526,36.20407970441759
2,125,0.02683401790757974,41.56526916223928,36.7132223541313
2,126,0.027072001341730358,41.23829813441005,36.35296379647604
2,127,0.026900794512281816,41.41406674166338,36.7260336859301
2,128,0.027024879058202108,41.52205737052707,36.844401449276596
2,129,0.027095711479584377,41.53816625962563,36.911682348218115
2,130,0.027087259199470283,41.679721006340934,36.892709851680316
2,131,0.027448498550802468,41.67235624330853,36.7414815184962
2,132,0.027429862786084412,41.80050328105961,36.882887139137615
2,133,0.027043983805924654,41.375811284616454,36.320557816934084
2,134,0.026650964313497148,40.84940409704086,36.01473798652144
2,135,0.026283228800942502,41.62345303526712,36.97975048038602
2,136,0.026709903217852115,40.90311143157679,35.95076978331244
2,137,0.026527721310655276,40.83460876919808,35.951374223423336
2,138,0.026256945015241704,40.59857880653591,35.63181033450137
2,139,0.02669771056001385,40.83487186431885,35.862245971732854
2,140,0.026465034236510594,40.885514679305054,35.973977823290674
2,141,0.026496563758701085,40.893641911077935,35.98310673278383
2,142,0.026742606330662964,41.100322467908946,36.21903390585338
2,143,0.026775363987932604,41.09744058486518,36.25792349174048
2,144,0.026796116804083187,41.11836044416515,36.307634307117
2,145,0.026682949749131997,40.90832733189294,36.09062259288615
2,146,0.026624122882882753,41.122521284960825,36.185135219986016
2,147,0.02670859914893905,40.87672333148641,35.912168004371566
2,148,0.026725158809373775,41.00627640540447,36.13785149245312
2,149,0.02668862311790387,40.85428562689265,35.98558005223291
2,150,0.026699811778962614,40.850321237756575,36.03255374257157
2,151,0.026744074871142706,40.923952580373225,36.041203213070325
2,152,0.026902451707671086,40.989748704542805,36.21662472847862
2,153,0.02670322029540936,40.90431046792126,36.11084672881336
2,154,0.026609091895322005,40.61407221172928,35.773525377599206
2,155,0.02637127445389827,40.7284546685875,35.89540103420563
2,156,0.026434873727460704,40.63959712107247,35.777149668969344
2,157,0.026480492608000835,40.63762501532879,35.67882952208303
2,158,0.026474745509525142,40.812261703911176,35.885219710213796
2,159,0.026589565413693585,40.8051801751513,35.92116708124141
2,160,0.026739478421707947,40.85096679302531,35.94926351288054
2,161,0.026591718445221582,40.83577651802553,35.927109751551825
2,162,0.026488751793901127,40.627958241733936,35.71115890197222
2,163,0.026446765661239623,40.694007304830286,35.8114452594664
2,164,0.02635283296306928,40.79822910203846,35.97516975336374
2,165,0.026766337702671686,40.873550925998515,35.94759545342848
2,166,0.026666484586894513,40.896816167918914,36.037769437251605
2,167,0.026764469873160123,40.95801517066606,36.03650924469951
2,168,0.026774059732755026,41.133833533470785,36.305448631791705
2,169,0.02677763281390071,40.89376706989533,36.06578257690323
2,170,0.026728599146008492,40.909024438070595,36.09168073275364
2,171,0.02681402334322532,40.90448098313918,36.04174161040409
2,172,0.02661484604080518,40.96414922486751,36.154645517728056
2,173,0.026750303618609906,40.9180878175508,36.130071576879416
2,174,0.026827709469944238,41.0148378074716,36.246826361280704
2,175,0.026768005670358738,40.95561002503841,36.105153768320115
2,176,0.026813638489693405,41.11716023891344,36.288008497151765
2,177,0.026796635550757248,41.16659571271424,36.30929138103844
2,178,0.026864429097622634,41.092377300437434,36.23488097905282
2,179,0.026897278086592754,41.18134744276694,36.36459398435799
2,180,0.026974175063272317,41.199317370423486,36.37130061425398
2,181,0.027056126606961092,41.03033244631706,36.11772954256277
2,182,0.026937990790853898,41.07641045631619,36.26108253292921
2,183,0.026786398018399875,40.93579650843909,36.08275780362119
2,184,0.026673965187122426,40.93384612197176,36.148601100004505
2,185,0.026597142809381087,40.809324248777614,36.002490628471776
2,186,0.026458689415206512,40.682916055031875,35.879134184807434
2,187,0.026480931881815196,40.58477006264783,35.754845748795034
2,188,0.026374933899690707,40.62557574805864,35.820390378971965
2,189,0.02633537258952856,40.49900628886092,35.69310317886831
2,190,0.026298666093498468,40.441583479435074,35.602518417278645
2,191,0.02638506895552079,40.51851013778546,35.703447488126855
2,192,0.02617641364534696,40.42227833074167,35.59450390779183
2,193,0.026208832239111263,40.517299897080164,35.72324076263747
2,194,0.02612811643630266,40.409564730442995,35.515103861845326
2,195,0.026341310950616995,40.40178060094151,35.58390902808319
2,196,0.026434950282176337,40.377051136471806,35.43140729711446
2,197,0.026208593882620333,40.53433700176554,35.60999872958619
2,198,0.026294606210043033,40.5015445866716,35.5160852359147
2,199,0.026258341471354165,40.52730786384792,35.631669007942655
2,200,0.026298254542052747,40.50004580611483,35.56609877476709
2,201,0.02639423214520017,40.50682558707141,35.49465224302604
2,202,0.02631553594643871,40.53086264374059,35.56639091146117
2,203,0.02637444467594226,40.52745490117904,35.63495680180991
2,204,0.026313889833788077,40.39702452563365,35.45432978972325
2,205,0.02621804301937421,40.37266056515755,35.42719705761102
2,206,0.02614073023820917,40.50629172193895,35.611728914108014
2,207,0.026238562383999426,40.41045962692401,35.493416071768834
2,208,0.026207822281867264,40.51609961658443,35.56857517122807
2,209,0.026195921779920656,40.50546663091817,35.59562987151462
2,210,0.02629033081854383,40.44569026002097,35.46246811404876
2,211,0.026446396547059218,40.48540620191382,35.515169166937106
2,212,0.02623175907259186,40.465105021765474,35.526294591950204
2,213,0.026401647149274746,40.465091778816436,35.51091878671679
2,214,0.026150712774445615,40.41475703038207,35.47583840865291
2,215,0.026094959458957116,40.25579142089284,35.270700521170056
2,216,0.02604783916225036,40.34829806056592,35.45262866070046
2,217,0.025991945310185352,40.35598517951615,35.42762945088775
2,218,0.026094730229427418,40.27263538115615,35.346257163257135
2,219,0.02590271634981036,40.18729394860224,35.271406821672926
2,220,0.025897528106967608,40.26367961113606,35.391080075440094
2,221,0.025917744295050702,40.27036277001057,35.287282621403605
2,222,0.025964863939831655,40.2113960861066,35.291802140478474
2,223,0.025873459068437417,40.24994865382483,35.419086506142435
2,224,0.025910832919180393,40.258925730154054,35.29632989703986
2,225,0.026051518072684608,40.37736512630357,35.47161505363544
2,226,0.026001025550067426,40.36075616014113,35.46930242332432
2,227,0.02601586952805519,40.478110267919135,35.57523826771912
2,228,0.026191477042933304,40.50901201755629,35.532377140031876
2,229,0.026130625046789646,40.52814655828914,35.50069364687292
2,230,0.026331016421318056,40.578623757668595,35.64587198649549
2,231,0.026397703246523938,40.53494639790386,35.66932508089817
2,232,0.026254809896151223,40.835911542559984,35.879066168223524
2,233,0.02648350813736518,40.86604669028466,35.916170522311006
2,234,0.026482280219594638,40.87222006036601,35.90150913544233
2,235,0.026438455221553643,40.951822564361294,36.0563026986471
2,236,0.026619439820448558,40.97257133273904,36.064348602959505
2,237,0.026605097049226364,41.130637965071095,36.197586471610784
2,238,0.026739296161880095,41.09376021393942,36.1184733321027
2,239,0.027051323745399713,41.09701249183865,36.17660327738586
2,240,0.026641413352141777,40.97103597483504,36.06234548814621
2,241,0.02648485383639733,40.820895460986215,35.88267736401708
2,242,0.026467287012686334,40.86738359293806,36.01247241854252
2,243,0.02656135205179453,40.74796649337909,35.84770583441864
2,244,0.026496314723044635,40.72432464809593,35.76501322291038
2,245,0.026557441738744577,40.76026481313443,35.80995703241966
2,246,0.026578847070535025,40.8832029132668,35.90127367092757
2,247,0.026671864340702692,40.95793984964353,35.98798558105575
2,248,0.026653140286604562,40.79005711581729,35.86131983102406
2,249,0.02661551864196857,40.68829851762964,35.782790187343906
2,250,0.026559201317528883,40.87642404573773,36.00579205954947
2,251,0.02656730661789576,40.83212154983381,35.936931819450564
2,252,0.026582850671062867,40.56985818880413,35.63832265740903
2,253,0.026469731082518894,40.50785294978991,35.61814933537606
2,254,0.0264326894034942,40.598423380370534,35.757999187562525
2,255,0.026527935235450665,40.51233892528289,35.59852290735012
2,256,0.0263717258349061,40.54211529198043,35.66517036717112
2,257,0.02636606420079867,40.64945476776963,35.78641286378123
2,258,0.026501480862498282,40.699799850883835,35.80298578614557
2,259,0.026750530612965426,40.79849145346825,35.88053800336991
2,260,0.026700100613137087,40.624850801590384,35.77972706851228
2,261,0.026636636101951203,40.624880071517524,35.753974515801936
2,262,0.02667207665120562,40.53923152258637,35.62486493047521
2,263,0.026535472149650255,40.54356436073233,35.62374986921038
2,264,0.02643456483880679,40.60125079723673,35.701365776593676
2,265,0.02643556852514545,40.52303576513168,35.60346025540023
2,266,0.026380530279129743,40.40928540536023,35.57594893784473
2,267,0.026186805808295806,40.275428332757514,35.41387740410994
2,268,0.0262060626099507,40.444606999738504,35.50104247568376
2,269,0.026104468603928885,40.40557214754437,35.447405648979164
2,270,0.026169550760338705,40.40521490114544,35.49550582141411
2,271,0.02625310014312466,40.47613915084699,35.55821834457876
2,272,0.02626122354219357,40.569282809966204,35.6693526709952
2,273,0.026426258527984223,40.62126885685352,35.619572825548126
2,274,0.026539753812054794,40.53967397497335,35.581438087835544
2,275,0.026331387180835008,40.53680107921635,35.55635642008499
2,276,0.02647617965315779,40.53401823131316,35.57932273186873
2,277,0.02658460782840848,40.666533961864786,35.70732977332138
2,278,0.026638044354816277,40.889952860840964,35.94254310621202
2,279,0.02668390655890107,40.70786433788614,35.88246046126096
2,280,0.026913661851237218,40.80376770999453,35.88360226860445
2,281,0.02685850188136101,40.773390892448774,35.794038639666724
2,282,0.026801235787570477,40.76446839953781,35.88321165756066
2,283,0.026889306399971245,41.028782732552344,36.12418503379157
2,284,0.026971627213060855,40.917005824167795,36.019597561932606
2,285,0.027069229477395613,41.07626853557902,36.098016343465666
2,286,0.02731941460321347,42.057581273350145,37.04404338477796
2,287,0.031134125652412574,44.04285058537754,39.11349244400184
2,288,0.028897040275235972,42.426372904296315,37.51869075389689
2,289,0.027480093234529098,41.26205953020568,36.31577287733762
2,290,0.02722532255575061,41.2198912436809,36.30355402983024
2,291,0.027122458815574645,41.01529001533439,36.11173234667097
2,292,0.026913985485831897,40.947437023897784,36.018078637870765
2,293,0.027056047009925047,41.00031582718596,36.09644340222721
2,294,0.026711952748397987,40.785857382608114,35.83212655761931
2,295,0.026665797519187132,40.79378096379271,35.880192384487245
2,296,0.026732456342627605,40.80778840616209,35.96730583470042
2,297,0.026694167995204528,40.726004208556006,35.76261955686562
2,298,0.026782505058993895,40.84275893990053,35.82618213281399
2,299,0.026716162698964277,40.991580623661704,36.00154169594369
2,300,0.026850553695112467,41.09441033809557,36.06541098285635
3,1,0.25574607362172436,225.51241708309092,220.0934578500143
3,2,0.09114144396569047,75.08204035048789,83.62715406783366
3,3,0.06569599766018135,139.78176575201624,144.44691808879998
3,4,0.05783313812155809,61.285233588928875,68.75166856453394
3,5,0.0544407923838922,55.24244451776464,63.67078919360862
3,6,0.052018658723682165,63.53099058409955,69.67389309447817
3,7,0.0493169733589249,63.37907692409576,74.35715023399645
3,8,0.048692155828965564,51.20954378456511,58.83565664125236
3,9,0.046583211847714016,48.14360403507314,57.75336920176649
3,10,0.04586049807923181,72.81831967069748,74.27498429992889
3,11,0.04622100553076182,47.58749063503235,53.90092916854167
3,12,0.04587150138935873,47.18957541090377,55.09570588301283
3,13,0.04342901773218598,38.26896644019066,45.85174266137312
3,14,0.04134405983079757,43.19193905021282,51.9134566410078
3,15,0.03986102362562503,174.47427948992302,128.5085583995859
3,16,0.04007813334465027,40.13821222236816,47.67615572168437
3,17,0.03855461148279054,38.351097506411534,44.53123979867543
3,18,0.039028288929590156,37.00176574701958,43.250104817779224
3,19,0.0377284311024206,36.27752531367413,41.45100699899919
3,20,0.03740109014324844,303.79007052360697,228.8746125490408
3,21,0.036048187275550196,50.31271025221398,55.917481392518155
3,22,0.03661621342013989,418.29377734407467,330.5544113531345
3,23,0.03594065697065422,37.375622554345334,42.90394620197575
3,24,0.035367636708542705,52.55914459076334,56.900145361232426
3,25,0.035714902682229877,40.92716055981656,48.15860515022943
3,26,0.03519084081718964,37.50995562273137,42.9611512293799
3,27,0.03489110778485026,166.48783019248475,160.851189909081
3,28,0.034122184717229435,426.4827697632161,361.25236160331485
3,29,0.03496205251264785,35.71971657079585,40.807454162358404
3,30,0.03344567818567157,114.93024797642485,92.03248378208706
3,31,0.03379884448700717,552.0723766773305,480.7817284986117
3,32,0.033615191167752655,78.42190136300756,78.23854665058415
3,33,0.03337832603470555,35.08576967694024,39.60289777695925
3,34,0.03208220833247261,40.65982785440506,46.7309276135541
3,35,0.03172220329621008,505.0047138092366,429.4904275821061
3,36,0.03263689597536411,49.97438901218962,59.2739550095402
3,37,0.03285111117708896,45.7994000803917,50.256508744136795
3,38,0.03249917275804494,33.91922198759114,38.60927007921066
3,39,0.0320428278563278,201.60111479556306,157.7385988933284
3,40,0.03213636281101832,34.61468257818451,38.702016800538175
3,41,0.03143623271690948,33.90460761335302,38.1825605252894
3,42,0.031399605862264125,49.85955388558672,78.59767154201813
3,43,0.03140409872867167,34.68302004086844,39.19568738704774
3,44,0.03163128166592547,34.57738469128913,39.10403735795503
3,45,0.03121970800150718,34.88094980792796,38.532858114209326
3,46,0.03114532070633556,66.48438578209978,61.09871357907817
3,47,0.03259052273019084,39.94089105661879,43.27510525374463
3,48,0.031271769565397074,39.20733689849681,42.73365644793893
3,49,0.030693626230848686,34.88000146061816,39.1540499896538
3,50,0.030619864385308965,498.55487419696567,440.6070081332004
3,51,0.030337402430762137,56.761907866660586,56.0427778157623
3,52,0.029634691009830152,33.53921658957892,39.241654352859335
3,53,0.030067515093833208,35.788442063521835,39.17476535757244
3,54,0.028438246343284845,450.7731582763347,365.08113358660444
3,55,0.028762932534196546,32.79037135268779,38.322070434118395
3,56,0.028050116396376064,31.80344358720678,36.798585898369446
3,57,0.02731774334928819,35.96637554498429,39.99003449881949
3,58,0.027499881173883165,454.9091900764628,371.07011567757104
3,59,0.027776298445782492,35.30382706906567,39.54880190726357
3,60,0.028111009592456476,35.26565976821362,55.541826773188255
3,61,0.027759535271408304,112.00064151845079,103.9532484925167
3,62,0.027284499390849044,538.2828342153671,470.6941178484661
3,63,0.02747337513470224,240.13748430191202,177.8972306467515
3,64,0.027581721444481185,564.12812443997,497.52657645089283
3,65,0.027895398005577072,34.96932315033801,46.89042780540546
3,66,0.027559467757652913,55.49470160616205,52.27683495312202
3,67,0.027400408372549073,35.50460853126455,54.73545282809161
3,68,0.026635224132665565,180.90881574407538,132.70130649260943
3,69,0.0262022937115814,31.12167887865229,36.81115612003446
3,70,0.025514787395617793,31.17205938474929,35.14668718863032
3,71,0.02539076529709356,31.410331136051646,46.24155885915723
3,72,0.025687605741300752,63.72413875194306,52.039308029600136
3,73,0.0254409855697304,34.3215939580126,36.464998441290774
3,74,0.02528741120892976,338.32622139504616,261.3524796223391
3,75,0.025219618309555308,34.0162336147846,48.77746565084424
3,76,0.02527041084665273,31.156721235589778,51.02447822118886
3,77,0.025348161147641286,32.13679187760708,35.129591064586045
3,78,0.025325656436117634,60.279761367655816,49.69942752824843
3,79,0.0252458416258118,31.485086581174365,41.68351620331874
3,80,0.02548060246876308,31.713356726347133,35.14273171640855
3,81,0.024518868952457393,31.8014646961968,34.521079521976695
3,82,0.024811427208728025,32.03525726925185,43.3729247083232
3,83,0.024926557538232634,32.05935438516292,35.395444840088956
3,84,0.024798684620431492,31.318869504839817,37.99671993189157
3,85,0.023778401714350497,30.226617643173704,32.840988591157604
3,86,0.023511031842125312,31.85039612952065,37.51417738884584
3,87,0.024103113982294287,31.638118444446555,37.02762879228758
3,88,0.02428622354221131,31.33208693563938,34.133635567455755
3,89,0.024438516635979925,31.412150433088872,54.726395457463816
3,90,0.024278664994718775,36.06561019826442,36.112548961041284
3,91,0.024283225847674266,31.177222088296364,34.05423509617716
3,92,0.02458816084877721,33.22610937661313,37.27572402223062
3,93,0.02448705121475671,31.98103348562058,34.53400707244873
3,94,0.02432542171196214,31.935298167327616,36.27897597522271
3,95,0.024540394777432084,32.75827968754667,35.7477955469271
3,96,0.024200019094028642,32.105107346430735,35.25725074595275
3,97,0.02424912793295724,32.055645303523285,34.851436737937796
3,98,0.024203051047931825,31.19870104783393,34.42208063145548
3,99,0.024273262159632786,31.533862257891514,37.374738816184866
3,100,0.023650576593354344,30.81573801630355,34.93431674146486
3,101,0.02406448371974485,31.27018529810804,34.24338943866903
3,102,0.024128741152318462,32.36622804656942,35.51583793188222
3,103,0.024174271018377373,31.63307902946117,34.91400887824933
3,104,0.02426089030424399,32.842133994749254,35.251513557567
3,105,0.024233347037807107,31.549251311002894,34.80025206708742
3,106,0.024095085649085895,30.949444878608624,34.96048465090762
3,107,0.023910013060750707,30.916762228658857,34.16293106344934
3,108,0.023864075973896042,31.651661111319317,36.14105343569447
3,109,0.02411858850557889,31.202895115664663,35.7904799557729
3,110,0.024066683437143053,31.374655083138894,35.66785166404804
3,111,0.0240256088519735,31.106684898759458,34.12962905870497
3,112,0.024239978287369013,31.570639282147933,35.38195843979042
3,113,0.024125167800645744,31.709476492189346,34.658965718870796
3,114,0.024264980806037784,32.668511525747626,42.12538932840168
3,115,0.02434083164137389,31.582730425165053,34.78287089078684
3,116,0.024406352379758443,31.751234072320006,36.72196524483817
3,117,0.024580058541947176,31.751770308677187,36.29507628716658
3,118,0.02418570626260979,31.198420185675012,35.19698855104347
3,119,0.024563549352543696,31.74132318572795,37.06273611912744
3,120,0.024814443962116326,32.00961803026656,35.129115546621925
3,121,0.024402503489649723,31.868756664877242,34.711844710107464
3,122,0.02474870126960533,31.460686044490085,35.356811157917726
3,123,0.024567721278539727,31.660972276266584,35.52924656951053
3,124,0.02493427467665502,51.69136455972144,46.36684975308408
3,125,0.025320973180766617,32.789560469541144,36.02413337322062
3,126,0.02462470923949565,31.87779231971883,35.93434810970719
3,127,0.025134657908763205,32.11800352055976,36.462146845428784
3,128,0.024720909506348625,31.584084921060725,36.49172976291138
3,129,0.024853751262915984,32.37079550008824,36.57227055951693
3,130,0.025155812235815183,32.10754942798868,35.57883335738232
3,131,0.02532368216530553,32.284002371290896,36.70077569144113
3,132,0.025519497393231307,31.997388201825164,35.4080215081936
3,133,0.025157794056992446,31.80503463047616,35.53832300365594
3,134,0.025279997748189738,32.191144510786586,35.577570759045535
3,135,0.025711749713601812,32.58831174956991,36.330491042718656
3,136,0.025255467775943025,31.867512977503715,35.00138832384701
3,137,0.02535579277069441,32.37089790023388,36.525356339245306
3,138,0.0254783593450806,32.21957120426158,35.88839574807197
3,139,0.025612424526895796,32.46064885372811,35.39750471015425
3,140,0.02561563060485891,32.42834361626747,36.16608129893446
3,141,0.025534068433833972,32.294597920902234,35.37968944589436
3,142,0.025666244061929838,32.36065031334441,35.52947960830316
3,143,0.02552780189684459,32.41797668883141,35.70479209913194
3,144,0.02570977953395673,32.4706807269695,35.59029411355793
3,145,0.02593229657837323,32.719083999699734,35.94443688741544
3,146,0.026224296307191253,32.77848101486551,36.09092129232161
3,147,0.026137442095205188,32.41551995848088,35.547432892829285
3,148,0.025761644123122096,32.28204700984853,35.37683353357614
3,149,0.025718344042875936,32.47802555529361,35.5213275437571
3,150,0.025788742949121764,32.321419531677634,35.44002920409944
3,151,0.025624643079936504,32.30978025020437,35.255332252289776
3,152,0.025474734338266507,32.17336412439955,35.418129226471905
3,153,0.0253464136538761,32.219822464471164,35.38212343873878
3,154,0.02552368412060397,32.34296894961215,35.61455716987105
3,155,0.025711065158247948,32.371435731332355,35.411364691598074
3,156,0.025747140736452172,32.36516074233867,35.28956070677329
3,157,0.025800492547984635,32.45296152855487,35.44830470799569
3,158,0.025859776086040905,32.57635730980559,35.48036107452074
3,159,0.025794144420485412,32.49239421778537,35.44834920836658
3,160,0.02582588855044118,32.429456223198706,35.51131400330972
3,161,0.025736818722050105,32.37299782671827,35.170777164685184
3,162,0.025723738396274193,32.45135700131984,35.617255589687865
3,163,0.025611817903284515,32.33530423013454,35.38048045394313
3,164,0.02560074650682509,32.38179998194918,35.49228809104149
3,165,0.02563615026883781,32.43789764351033,35.35545443159363
3,166,0.025705056730657816,32.42782101478983,35.4393458117176
3,167,0.02579713606142572,32.49270711078289,35.539169976104844
3,168,0.02588692287515317,32.624859991542834,35.54567372923529
3,169,0.02593143024880971,32.582765604270264,35.49562846658952
3,170,0.02585462949770902,32.380239260323506,35.36514197824724
3,171,0.025687165425292084,32.3728546300467,35.32155436007403
3,172,0.025649069775161997,32.25766125765253,35.54826276892154
3,173,0.02569669614812093,32.39403273513977,35.3333484370534
3,174,0.025775506227676357,32.2902841498243,35.633950067314125
