0,1,0.2816303323133517,566.9571351576017,566.2160529691583
0,2,0.08419535523754056,74.23529341146607,81.69862589022009
0,3,0.06191936469936775,61.915053806502925,67.84089338987131
0,4,0.05453139909748304,62.636839282553915,62.52940986048469
0,5,0.05068138923685429,46.79430109736828,53.44330950481136
0,6,0.047344131489931524,250.2996412231023,260.0286844499435
0,7,0.04597967200107494,41.41426694434407,49.88711113215324
0,8,0.04359388787109973,40.02564363248621,46.88508205879025
0,9,0.041936547448069364,40.3304145525896,46.307556424822124
0,10,0.040531968918897335,37.99863605268274,43.139584434987775
0,11,0.03953719432702509,38.40887269511767,44.54314140824906
0,12,0.03917673949973058,36.29908262074613,42.526891482416346
0,13,0.037675966587612186,50.064409259281355,56.77670750634596
0,14,0.03705068658721649,36.7732736825118,43.93344238493916
0,15,0.03613418725840116,35.92758777314816,43.004854052739695
0,16,0.03598757915325084,36.85082865916321,44.16403237784781
0,17,0.03487981527538623,33.777630814219016,39.172073719808864
0,18,0.03430604120179758,174.71966155425076,178.686314572856
0,19,0.033995575855596594,32.43154539286471,38.4753223113482
0,20,0.03425536412051169,32.71614459971656,39.23387605221845
0,21,0.032278629903823644,31.938112933742957,37.45348776176001
0,22,0.03162251810653735,31.754672510813677,38.00751273723429
0,23,0.03243047980812647,32.32441404369051,37.172310789287714
0,24,0.03142194361504862,32.401345569782194,38.80719926216046
0,25,0.030705940830758064,35.649281118980326,40.12356781378025
0,26,0.03057808681564816,107.18453343929303,113.1463943707403
0,27,0.029618141415008042,30.440327000865473,36.772621968897376
0,28,0.029724309378761356,81.65366569769836,91.90652205968983
0,29,0.029204204078700582,32.46756996662972,39.34949124897814
0,30,0.029089027321187115,33.93492818621203,40.214225961771575
0,31,0.028718874742419034,390.78618566387667,402.40923078051844
0,32,0.02838861108836481,31.15404557686776,36.47583203531724
0,33,0.028083186691342774,30.78796153580029,36.58542044902097
0,34,0.02806493453681469,29.37954242996691,34.499496576262686
0,35,0.027856061866475365,30.382160566257358,36.80883566427729
0,36,0.027566587489287732,30.675261711991784,36.223764014161006
0,37,0.027448866768913754,30.38147151181442,34.90170216643436
0,38,0.027101862891498258,32.514513896823345,37.965173186325444
0,39,0.027231534690422526,465.3910251076246,480.67890393194006
0,40,0.027251279991814644,28.886267922741318,34.721925569328285
0,41,0.026994949490842173,31.19250875525821,36.325544417112134
0,42,0.02648095009943186,29.17196324457347,34.510019857293635
0,43,0.026374545295612287,28.536454298092007,34.20902083393589
0,44,0.026170322513681347,29.586495637068698,35.16540132250105
0,45,0.026046398711406578,28.180776719816002,33.15903856696152
0,46,0.025724085300403127,28.563882133127496,33.53551928756129
0,47,0.025853317957055772,28.945228905001315,34.00952526252029
0,48,0.025508516483892827,28.285747425778926,34.38111307895142
0,49,0.025335650512222516,28.551177041340864,34.513402712885096
0,50,0.025331137449306956,26.948229222149173,31.81673523441009
0,51,0.025126469179482785,28.161298446589274,33.063925354322905
0,52,0.025185335869506255,35.13912754652822,40.40426016020027
0,53,0.02497241529241457,298.01780950156876,317.8392168370689
0,54,0.024804977352841425,27.274744005764234,31.918841760748354
0,55,0.0249276624645217,501.5018908754765,513.4102480154004
0,56,0.024630849738999948,324.8010534398696,343.3723402654668
0,57,0.02475573018319526,27.649851084580472,32.71841683537287
0,58,0.0246813593400737,459.6892178017375,474.53701069795295
0,59,0.024540538536542554,27.108966960214,32.14551097258458
0,60,0.024264988757796205,29.06980783304129,33.25579196318517
0,61,0.024008702676175005,30.054338994735666,34.67127135074097
0,62,0.0233070110996901,25.78957869272331,30.594203191351806
0,63,0.022991864705237293,26.663898889581226,31.027311162250797
0,64,0.02286845167814675,83.81437776162963,87.6770067813089
0,65,0.022952084571628246,26.8620445951046,31.255349262250842
0,66,0.023047794540554792,25.890504998731778,30.764195492043314
0,67,0.02281830194642988,35.8262348356544,47.364945228922245
0,68,0.02287026131683487,26.44500934788925,30.986039603628765
0,69,0.022625678897661677,27.089867963097912,31.562498401681722
0,70,0.022481758905164267,26.611770484686723,31.31392344032846
0,71,0.022367618346618393,25.898803121078387,30.06842036695846
0,72,0.022338735160686202,25.846582886256975,30.083905628749303
0,73,0.02218870405044596,116.90411966317252,123.63348880462115
0,74,0.022195083894214387,25.388338772070863,30.308305986251565
0,75,0.02179325236228563,24.85605931529537,29.358985276172387
0,76,0.021761214834148602,25.142624617447904,29.869097563447852
0,77,0.021623214012232876,26.466898553511676,31.47088402738139
0,78,0.021590605220299656,24.691529311110816,29.238804541398423
0,79,0.021475796792971884,25.023547700532166,29.689348925281486
0,80,0.021398194923491803,25.118548093782575,30.104499933196276
0,81,0.021492536290217253,25.063347852766306,29.662254173996555
0,82,0.02141743614259413,56.40495562635903,63.73071524656608
0,83,0.02137854016559609,24.55971857585709,29.442216770158826
0,84,0.021227679957272642,24.880954230120437,29.195683954484785
0,85,0.021243821166582025,24.902896636085114,29.549533302360295
0,86,0.02125476382799068,25.212419570111074,30.470362640008695
0,87,0.021155690995313354,28.666939751912153,33.71118038456614
0,88,0.021149360401145484,25.085761277320888,30.01760218949268
0,89,0.02116142153361086,25.742130771227774,31.290831967928685
0,90,0.021095800071449605,24.74711739728195,29.47109713205477
0,91,0.0209995773068424,24.764132799986736,29.728188378470286
0,92,0.02103655242313773,24.917642859026635,29.576575216100608
0,93,0.021096365589459064,26.50865624107704,31.78295399004574
0,94,0.020982880871427263,24.67244144294501,29.433836176004974
0,95,0.020796542608384358,24.442291140143848,28.78686103089761
0,96,0.020678541070576442,25.114358167747312,29.331501834483927
0,97,0.0207469460191363,24.397453104335955,29.206943149766026
0,98,0.020674048117914443,24.363504107023193,28.706969427314785
0,99,0.02067156470680641,24.44389951765331,29.330035286082623
0,100,0.02065037942286265,24.33348545318656,28.754577487187934
0,101,0.020578048049898472,24.413620386981634,28.65274351232974
0,102,0.020502421405103246,24.28226396781763,28.707069240796027
0,103,0.020568082140663923,24.348009363590226,29.004282120628226
0,104,0.020552754181168847,24.2807074137625,28.72936955893912
0,105,0.020472904572547492,24.422978613203373,28.69576842610429
0,106,0.020487926837246297,24.879295382945184,30.039063599882226
0,107,0.020450205084378437,24.799454162690054,29.835370761592213
0,108,0.020405785638397022,24.440779613376076,28.792684312481498
0,109,0.020394501007967077,24.11977013502154,28.794242081326473
0,110,0.02037558256316993,24.3592286233671,29.183769408834106
0,111,0.02032402091485969,24.323717480299795,29.061512618114723
0,112,0.020362310679787297,24.288094699589028,28.693615690756342
0,113,0.020320830708843166,24.216949968602005,28.859599296224243
0,114,0.02032279381054943,24.137623767126804,28.596799046320367
0,115,0.020258105438897164,24.21892206726602,28.607828738382054
0,116,0.02025012615121017,24.59634757866909,29.604882403117855
0,117,0.02021305907075688,24.514755032054282,28.93517994963749
0,118,0.02023722727041123,24.29022259860715,29.25817676703689
0,119,0.02023191535371845,24.47539786236509,29.06999746847651
0,120,0.020238541350778887,24.344753582997306,28.68374231052731
0,121,0.020109630395042693,24.454142941735608,29.46075815938491
0,122,0.020111618626673343,24.176116085382482,28.820286744147644
0,123,0.020073256376436203,24.022054309250986,28.610163545774665
0,124,0.020030847797959536,24.064631306176366,28.768801300367826
0,125,0.020020422257356726,24.583265745928543,29.54800739354788
0,126,0.020055510798248195,24.309518542669224,28.59874559528736
0,127,0.02005806779962475,24.135967294237606,28.6999663077165
0,128,0.020005036334870226,24.043594397475562,28.642478873090045
0,129,0.019985936803080268,24.010010369508738,28.433226239805855
0,130,0.01996088473094722,24.11354091093202,28.673256349065163
0,131,0.01996465554555594,24.149335414068098,29.000711231696897
0,132,0.01993213919133453,24.04992012169122,28.607121234986842
0,133,0.019979353110163897,24.00260663692514,28.46349070877979
0,134,0.01989919499699342,24.006190682777483,28.807010378156388
0,135,0.019933146093103846,24.149049813359667,28.881102964022435
0,136,0.019888079961982823,24.01874483250417,28.8123863000903
0,137,0.01989915038822061,24.078545957288114,28.59368431609682
0,138,0.019861236656621352,24.075152968865364,28.682154751820846
0,139,0.019858014848777802,24.118535996308378,29.011783991956545
0,140,0.01986717416952222,24.02140684523797,28.44297165820823
0,141,0.019846178685962144,24.24943117534413,29.12178446606892
0,142,0.01984456759261883,23.950458487837373,28.702819305845253
0,143,0.019826764304001453,24.013662457878613,28.684975813490173
0,144,0.019860660846708185,24.110688018138845,28.935559754587633
0,145,0.019768988713622093,23.932985236487998,28.44026228941276
0,146,0.0198373283433207,23.98082987494947,28.551535343874622
0,147,0.01972542425333443,23.983846789825336,28.630208786356324
0,148,0.01975096834791919,23.956938552196462,28.501207717204345
0,149,0.019821788578972977,24.037344116653127,28.55621569164954
0,150,0.01980919501412723,24.048098509699415,28.90906498074947
0,151,0.01974745628313493,23.872181366059195,28.524246963474393
0,152,0.01973973587155342,24.005377686147458,28.724279915414204
0,153,0.019793948979448465,24.08957401196437,28.896962694174736
0,154,0.019708278131181912,23.953882671145006,28.3909529975067
0,155,0.01965827037090972,23.887224549653208,28.482897004183993
0,156,0.01969832863848088,23.983574238615464,28.40663040971922
0,157,0.019644970705701134,23.89857131057132,28.628091602790647
0,158,0.01968985644437499,23.919351948173812,28.64971797889949
0,159,0.019685592186653007,24.170001903619735,29.048253361771746
0,160,0.019659045767986168,23.84910097171691,28.517305154833643
0,161,0.019615805218532935,23.827085680615117,28.588111123141513
0,162,0.019608283888990597,23.82345599121701,28.472097572964657
0,163,0.019621555867084,24.00128385599922,28.719911618515173
0,164,0.019646057417079553,23.936830898469708,28.623553973872486
0,165,0.019585854137095356,23.952718750415787,28.808763228227036
0,166,0.01958820520568702,23.946128250405863,28.40714338349133
0,167,0.019592424412652597,23.903280093183156,28.388723479746112
0,168,0.019539327029201945,24.03355395670168,29.114477759038945
0,169,0.019541998220197226,23.89359702948468,28.73988186440817
0,170,0.01954986306570344,23.998778980908508,28.887497390188823
0,171,0.019565378363102168,23.87301068982451,28.374434913077007
0,172,0.019543992166044348,23.95882843769958,28.40489979654239
0,173,0.019551182607725516,23.898121957547936,28.545857103859507
0,174,0.01947679413261555,23.8760250414944,28.579298162294183
0,175,0.01943975683869952,23.803718145330883,28.47121147993134
0,176,0.01944667391352734,23.8086482703067,28.374261490559327
0,177,0.01947578696249905,23.84022269776948,28.428392872162398
0,178,0.019437760177810313,23.78219912291398,28.427232569518406
0,179,0.019462974978831864,23.84069768367754,28.414022877656624
0,180,0.01949207273201417,23.919394092988803,28.737092058002325
0,181,0.019420283199366877,23.859120802895834,28.518878750684785
0,182,0.01944783711963791,23.789421915595508,28.291472983277217
0,183,0.01945002695892827,23.82245609339546,28.449275279294323
0,184,0.019448982251776478,23.791133043262786,28.36763582661592
0,185,0.019430500060572464,23.8527451172007,28.39791297580307
0,186,0.019403610946768422,23.78047918613394,28.432479233691918
0,187,0.019405000227487694,24.001981723679805,28.809423064520967
0,188,0.019396144959886195,23.774899007539847,28.322259437747118
0,189,0.019409365225899016,23.87827303830315,28.733704846079757
0,190,0.01938375543360993,23.822818900474626,28.457833236933585
0,191,0.01938610325046515,23.777571329196018,28.402778519155255
0,192,0.01940228288077702,24.08939160855171,29.029396406034145
0,193,0.019381385991128826,23.73667236842911,28.42889966532744
0,194,0.019424075387039427,23.860376861268673,28.437225185620246
0,195,0.019353213909445173,23.887560387383694,28.735015055028402
0,196,0.019356651042224997,23.764547725037307,28.384831986776213
0,197,0.01934123249187813,23.795690284055823,28.518313201877714
0,198,0.019313763227250615,23.802873641149397,28.38556724973672
0,199,0.019357766798239643,23.769178403702576,28.280699736565246
0,200,0.0193134890395706,23.767759736433987,28.46764099971758
0,201,0.01932181009107222,23.718016996515665,28.34113815520283
0,202,0.019357397047392394,23.743604453789732,28.294480579655346
0,203,0.019301603690294895,23.723102489557235,28.323323887815043
0,204,0.01932307664241831,23.771642816107992,28.627300568158617
0,205,0.019316027098793095,23.767215326170607,28.335138227881455
0,206,0.01931066735316131,23.772877526530756,28.490930600448767
0,207,0.019331547100160083,23.784101435057433,28.479625103781032
0,208,0.01929797090084876,23.721232030630937,28.38319390326842
0,209,0.019292896171495065,23.718652771418483,28.433985975976604
0,210,0.019289279040896286,23.75051284413849,28.42831429537996
0,211,0.019310408982179932,23.93583794448615,28.881219109591708
0,212,0.019303221981656755,23.814529797610113,28.31686447887886
0,213,0.01924982758523044,23.675507991784173,28.335806298338994
0,214,0.01923282005650512,23.76732949484591,28.607039112662605
0,215,0.019253575085204536,23.712735387280738,28.28968329878219
0,216,0.019282015545640963,23.691856894938592,28.293923451094678
0,217,0.019268850685428766,23.689970841457274,28.308621765429134
0,218,0.019273749536882014,23.73680618312532,28.40597338128173
0,219,0.019285769249170512,23.72964841106771,28.312356580009858
0,220,0.019248117661198317,23.695428425053,28.31515127773484
0,221,0.019210142067680926,23.706966602266043,28.4376019700479
0,222,0.019231126280659337,23.756317199720232,28.26578522725388
0,223,0.01921707113920632,23.72198162771839,28.434161973747226
0,224,0.019206493619387432,23.687012740897472,28.39562928801214
0,225,0.01918487212920593,23.69978380285745,28.311220817034254
0,226,0.01925179071850696,23.718605265072885,28.338531623734
0,227,0.019236860196974317,23.685171117419603,28.35662777332479
0,228,0.019216124031503322,23.710895415408388,28.389530902955592
0,229,0.019206839439980056,23.706995482263267,28.379014639904273
0,230,0.019202917482767066,23.725431440610787,28.38620337376611
0,231,0.019207773761729063,23.726850673814134,28.333790642874582
0,232,0.019205136603470577,23.67250109131361,28.29320091486808
0,233,0.019187474749603514,23.682199301604168,28.366262219924128
0,234,0.019194203318428187,23.698127708633052,28.365286265516115
0,235,0.019210075833282228,23.68664251314315,28.346089240150583
0,236,0.019198941445704235,23.69411424369548,28.372874249980008
0,237,0.019190426158197854,23.699656685330876,28.36493015953888
0,238,0.01920822016515974,23.69702216168176,28.400218013271637
0,239,0.019207481594787815,23.689844604181996,28.36390665100842
0,240,0.019219207466911463,23.712556598920724,28.343657609893054
0,241,0.01924165775525873,23.68809266981369,28.333351783220778
0,242,0.019168136704523685,23.681824322802797,28.349350580355015
0,243,0.01919406949210975,23.676775622120367,28.33211564519264
0,244,0.019159298453290584,23.679892414581403,28.346496841218
0,245,0.019159846149890098,23.699718914229976,28.37818752847067
0,246,0.019193583468006828,23.709317854943986,28.35006599559186
0,247,0.019177106666868015,23.721927249307864,28.36724040067985
0,248,0.019187294309800963,23.74357984305253,28.415582979182332
0,249,0.01913835016726437,23.707821404645188,28.322087507214697
0,250,0.019187458806623845,23.69215624142683,28.29930062908744
0,251,0.019164053849497084,23.709156612211444,28.43864113279336
0,252,0.01913822142375728,23.6782504382018,28.25586724032093
0,253,0.019221200418295496,23.66116847051469,28.29173654961669
0,254,0.019194702033774328,23.70097244982076,28.369060177420906
0,255,0.019168071385662434,23.690603812260612,28.36471028610389
0,256,0.019145052816908238,23.69321313861332,28.3571546534628
0,257,0.019200026957412897,23.678412789704478,28.283286297362856
0,258,0.019180152407389576,23.673052513063162,28.364681845342655
0,259,0.019179088616017567,23.677236714577592,28.31867243936253
0,260,0.019171143787265834,23.663612501019013,28.33586258838401
0,261,0.019203918275691696,23.68008913300854,28.321277694835064
0,262,0.019169163748116818,23.681495206166304,28.37194949492345
0,263,0.019170969014324375,23.679979151920463,28.34051006596263
0,264,0.019171756644875318,23.695464352010443,28.317731754289685
0,265,0.019156294101375645,23.691861438091237,28.355605464363762
0,266,0.019158357091374315,23.70362821747275,28.38585060398753
0,267,0.019188459741614632,23.647953048296866,28.308434077671595
0,268,0.019158096478904707,23.68759732427894,28.30415304363397
0,269,0.019174543083092924,23.680651444464818,28.341637249192296
0,270,0.019174797712998876,23.698541165223173,28.387616842050587
0,271,0.01913999403053421,23.680371771221754,28.337862343738305
0,272,0.019167018328177726,23.653754981743834,28.31126763347134
0,273,0.019152586869264052,23.688816932658423,28.319356748866703
0,274,0.0191435993222867,23.704043055075676,28.340310113355258
0,275,0.019151223318304045,23.666954354018902,28.310192486965697
0,276,0.019144939006132594,23.678425305442413,28.363941428553353
0,277,0.01912395668736959,23.681141058878914,28.348743269252445
0,278,0.019167924157770005,23.67623514617603,28.32015780538632
0,279,0.019205110273876433,23.67221398832064,28.34787478430346
0,280,0.019162813643530265,23.668072694725645,28.36984535044494
0,281,0.01916408491462974,23.680887647978576,28.31237684641981
0,282,0.019159010879821695,23.67142691331751,28.35137973014486
0,283,0.0191704467002113,23.696599908353548,28.421680217835963
0,284,0.019174707453634778,23.661583671107838,28.350795224153206
0,285,0.019174116884626575,23.676861852923068,28.329020018361586
0,286,0.019193157395821506,23.689624115670018,28.347706040438876
0,287,0.01916690806905597,23.67610170024489,28.398896034586304
0,288,0.019134885741997572,23.690065436709713,28.357601095990436
0,289,0.019130638563784504,23.66723764808945,28.327055273155718
0,290,0.019171286500611548,23.659808464941268,28.333298746301736
0,291,0.01916991123708628,23.689249404986423,28.35934366166384
0,292,0.019156710292070597,23.666860572194558,28.323992190876073
0,293,0.019164560520547932,23.6618830167711,28.341542180822287
0,294,0.019185960261245905,23.67407420432279,28.36984571596471
0,295,0.0191232713602357,23.68445545496825,28.351459865370693
0,296,0.019124311158212566,23.66505816816046,28.345186898101915
0,297,0.019147294841833033,23.662335548433877,28.293719255135034
0,298,0.019184025762192275,23.66387489675238,28.30617550441197
0,299,0.01918605872887676,23.667952066474307,28.298775131278752
0,300,0.019142775307014838,23.678126809506267,28.38334295558597
1,1,0.2930602189504875,597.8154302750041,576.0895489948551
1,2,0.08695295973206466,260.29107587681733,257.8691808720499
1,3,0.0637926641359644,58.8373394573436,65.41249522431802
1,4,0.05609129805047557,45.890811936230584,54.49704098452259
1,5,0.05151682431405445,47.816758127263526,56.033751903095315
1,6,0.049025683048761114,44.31810826388272,52.42602159586518
1,7,0.04573802593744026,41.03406516549421,47.78428098299778
1,8,0.044484290944517786,40.287042951583864,50.497230177557014
1,9,0.04294124105066623,38.40564236589932,45.015974892141095
1,10,0.041555759760568724,52.2878469803754,54.64372923316025
1,11,0.04008636623620987,355.28007722742416,301.0915788922991
1,12,0.039239269382548785,320.6107684619924,262.6156108470744
1,13,0.038458194864808386,36.86865699456975,43.6985747739413
1,14,0.038532052610842686,37.01277717320039,39.83940940617684
1,15,0.03769394551526825,339.2252251691359,247.30678561007934
1,16,0.03523896560775784,43.934678655639686,45.038513751810854
1,17,0.03493696626908374,33.410176192502924,38.690778931674224
1,18,0.034517160036934995,242.5842433093066,149.60197049981625
1,19,0.03401733021128853,36.19820896087483,37.86270058528887
1,20,0.03353408028213483,34.511157856650534,36.33083026500529
1,21,0.03287074651639416,34.192340682407114,36.529018325672745
1,22,0.03350314462803445,33.91693922517134,36.97602764488513
1,23,0.03229138089941358,35.58826992001763,35.93274142767079
1,24,0.03182951990022974,365.0414706877846,296.2878807679286
1,25,0.031241942443094164,34.154308786749205,36.40614835559699
1,26,0.03072073704229211,34.68903887348379,34.98964682522551
1,27,0.03075467528037305,32.92036836580797,33.83861719855864
1,28,0.030586247560831736,33.987282312107595,34.61523977140101
1,29,0.030367128972737294,31.738185991067937,34.38625223711393
1,30,0.02960511658973289,33.30775446789787,34.32655537169985
1,31,0.029319172725081444,33.192073557976094,34.37124618835981
1,32,0.028970316474167805,673.0040286793428,596.8619787767789
1,33,0.028973498364102165,34.592707572263826,36.254372603386535
1,34,0.029107923355867277,33.294194600416375,33.48380842441466
1,35,0.02876130814822215,31.52018360454131,33.3006104160269
1,36,0.028391155326422654,109.64740799684576,60.15872448911235
1,37,0.028137542764252087,31.790633503255997,32.186213450149374
1,38,0.02805208274216022,33.517011273226,35.16041701512885
1,39,0.02766997071931947,103.74446805760185,55.36639834281044
1,40,0.027418230712976097,636.6153703658975,572.672487690889
1,41,0.027379322797060013,30.306196061175136,33.20372488772828
1,42,0.02723920394508344,33.61631359136041,33.76134508910495
1,43,0.026893085817683418,32.352169822945314,32.82313964258918
1,44,0.02663380188762017,225.9880266118177,125.6688566839238
1,45,0.026830258867088355,660.8005320666308,579.4441381580738
1,46,0.02655394013338494,445.78972900717014,363.0737421653827
1,47,0.02667512098010981,36.381261875667676,34.5715500402949
1,48,0.026331918770974537,33.39504086550544,33.123883121105024
1,49,0.025884759946251817,31.893149857597557,31.013756100724382
1,50,0.025958343532006694,179.4869349454176,95.99943924614777
1,51,0.026062547457668016,32.05110601613866,32.7001203942382
1,52,0.02711521623269567,61.54693873298359,48.999014591921494
1,53,0.025377168759422482,32.929768909872536,31.310820303727525
1,54,0.02493140213894394,30.380256078969985,29.077849055831855
1,55,0.024705030024051666,29.501693194052752,28.51632017208724
1,56,0.024477766194152383,30.92392178059899,29.47280350462485
1,57,0.024388183084017825,29.886514142617823,29.539660211224174
1,58,0.0242811104739612,338.40755432455296,208.2680591224378
1,59,0.024182239301362127,29.71118883933613,28.76593168105813
1,60,0.024048606952968635,31.734187596367004,30.203805418380046
1,61,0.02395047018972208,29.78894618322505,28.636509463346794
1,62,0.023823648058580903,113.41040866362219,49.98650717652218
1,63,0.02374792049797076,30.627561230774234,29.04616596142174
1,64,0.02372281270909984,30.687885016744787,28.896780495859606
1,65,0.023752690169889974,30.45750421961361,29.40636621535032
1,66,0.02354494629884666,30.37202979625865,28.788023626347453
1,67,0.023154970750493824,29.88696719631154,28.24766268381258
1,68,0.0230759120071834,29.902465202846628,27.823905752095612
1,69,0.023055068375367038,29.164015584450993,28.2505744541979
1,70,0.022866993263926147,29.63178975543874,27.753136113130257
1,71,0.022812247908902617,30.42237819477836,28.817588174800008
1,72,0.022771161787633627,29.557000596383038,28.329969681929214
1,73,0.022783248562295483,31.022928800939876,29.018205523075544
1,74,0.022758860351904383,30.461512325281767,28.009152708153277
1,75,0.022755857592202583,30.693525595460983,28.17506987874101
1,76,0.022694183548666397,30.166954619234257,28.317250903059797
1,77,0.022520488971528016,29.115392602000007,27.98339680595265
1,78,0.022575263566565962,30.126329402936335,27.86441675378886
1,79,0.022443721281751147,29.30569775385015,27.542244309747677
1,80,0.022477930411696434,29.555720772016496,27.457010159509107
1,81,0.0224582434473735,29.412004887866463,27.962870800536685
1,82,0.022402205381472157,30.75798197481084,28.539327687918103
1,83,0.022354490492703778,30.605115535679985,28.300321931207638
1,84,0.022289246777599712,29.921702184906618,28.187896140361083
1,85,0.022177282123352,30.525786210955147,29.009837838415486
1,86,0.0221447413962967,29.76613032690344,31.443160143463455
1,87,0.022113706037964462,29.673477216901627,30.295121242775735
1,88,0.022030538229166337,30.179208397036568,27.718973422299694
1,89,0.021942243577455573,30.48335361557211,28.771629243777603
1,90,0.021849233692265907,29.79440712189292,30.665873537495578
1,91,0.021881710843376395,30.153537322811903,27.728547348793377
1,92,0.02171236642126767,30.224724741543042,27.771987958236853
1,93,0.021679957731152482,31.22881078796591,29.088316389077217
1,94,0.021690234963623982,29.980821572586816,27.761177920298294
1,95,0.021612509944528905,30.033284507843263,27.59041407050156
1,96,0.02158282454705463,29.7705218575855,28.581857132994756
1,97,0.02152427633837709,29.861119752325475,27.43367480567108
1,98,0.02156762402715548,30.12929027035912,27.509002958025253
1,99,0.02150496464433535,30.224083604659626,27.9100929220379
1,100,0.02139740068254606,29.602415878058753,27.501450874248864
1,101,0.021382817190210773,29.682608173174017,27.252135163815595
1,102,0.021425251374548336,29.48597973948494,27.15408635222538
1,103,0.02134095441620305,29.843160396144988,27.096874250352176
1,104,0.021336317659830146,29.88090347733727,27.579538956751808
1,105,0.021341995705129964,30.04764465386855,27.405120892807165
1,106,0.02126865008107896,29.906837265504237,27.45660411688509
1,107,0.021238837461426574,29.65190328506225,27.298901803817483
1,108,0.021200980674826873,30.1252665606412,27.13583426857659
1,109,0.02124587467537736,29.810497270293414,27.42978981895314
1,110,0.021198710637553683,29.638130865122545,27.544065286058167
1,111,0.021153180772122346,29.76010370719879,27.306429065478387
1,112,0.021231227958539746,29.577645889450523,26.96232698686447
1,113,0.02111708661014179,29.579775209987865,27.140741597484627
1,114,0.021132827613432454,29.809513752218237,26.963691641644733
1,115,0.02114143233113694,29.40550069509343,27.182535028623786
1,116,0.0211424135936881,29.573280508250477,27.08224372996686
1,117,0.021172439433493704,29.722054355730986,27.004767949572837
1,118,0.02111712020804297,29.87509476921775,27.138806030725352
1,119,0.021071033798298746,29.630673730054642,27.04633964977198
1,120,0.021136669477201858,29.678962631786572,27.004249223848667
1,121,0.021136721947564267,29.63031909943902,27.57984953890279
1,122,0.021065743604920945,29.867792715490822,27.77091657990778
1,123,0.02102350647438247,29.77161978974062,27.43757708812009
1,124,0.021044149362253694,29.707962326824983,27.198422232571378
1,125,0.021016577821014064,29.720297557721164,27.165798416536443
1,126,0.02099192532587726,29.774760414954812,27.203755322233725
1,127,0.02101839709816114,29.563292606501655,27.159641428691586
1,128,0.021009670711069735,29.578138426918397,27.23480277111306
1,129,0.021021536428411054,29.797834561534106,27.207547746053557
1,130,0.021002165235157282,29.711371498694394,27.297619115184823
1,131,0.020995893638651324,29.802617837910983,27.146218110460023
1,132,0.021022069320644973,29.873666602150003,27.164834587416166
1,133,0.021026060934055527,29.761088014477714,27.122972707715185
1,134,0.020987025022787868,29.61957480442078,27.208028853147287
1,135,0.021032975600013194,29.7159860868505,27.140033997725112
1,136,0.020974139313933986,29.667599190237688,27.097591755697536
1,137,0.02097549064541763,29.721655361410132,27.01517346345589
1,138,0.02095867707481924,29.65295505625679,27.187155461062122
1,139,0.020974258698944776,29.685635658955192,27.059866436682512
1,140,0.02100686767612988,29.737501585929788,27.056580666465628
1,141,0.020968275285273227,29.68303967994802,27.10128240552098
1,142,0.021010993821722158,29.662778478382744,27.112803788135277
1,143,0.02093342716260901,29.688016104761928,27.036094283393037
1,144,0.021013274472558272,29.74387370437224,27.0569899987676
1,145,0.020975723757215264,29.547304408754258,27.0384825596826
1,146,0.020943737008942746,29.750428929048425,27.10431826654627
1,147,0.02092247600403597,29.815732440209008,27.081620422389864
1,148,0.020933161085506656,29.731998452145785,27.14577207332704
1,149,0.020982437644083547,29.701789976441287,27.056868729275692
1,150,0.02101792999595966,29.652535695698173,27.088288862115416
1,151,0.020973867402886443,29.78243501371241,27.20650114664217
1,152,0.020978118099693983,29.614883404619555,27.006083687838778
1,153,0.0209944717375175,29.62716478619346,26.98810657142347
1,154,0.0209183210753045,29.756107609157255,27.0497971677614
1,155,0.020930597488329095,29.68172074205735,26.976064256674736
1,156,0.02099919965806997,29.757107369976247,27.031834961229915
1,157,0.020927734321580745,29.74260554785397,26.995479726625238
1,158,0.020940684906716616,29.86399654041637,27.135826725577644
1,159,0.02099982796693748,29.639458557883685,27.050866758366496
1,160,0.02091611187272477,29.682906415755735,27.079272592524617
1,161,0.0209475558180854,29.70772272048787,27.051976087616712
1,162,0.020959538530628635,29.76397012657023,27.074433034305372
1,163,0.020952599298841548,29.803590470966807,27.03900559854009
1,164,0.020959655806984542,29.693825866066835,26.98418182944587
1,165,0.020971670922524523,29.79363103531261,27.078446836837077
1,166,0.02094766877169879,29.718487119483438,27.06008767583229
1,167,0.020960186836573313,29.757864024103643,27.11831704581656
1,168,0.02094225416768272,29.6207539322542,27.05736955117681
1,169,0.020909492980759097,29.821646726768922,27.054949700624686
1,170,0.020952861791230598,29.795101025334016,27.180001431641262
1,171,0.02091618170434574,29.6565058110232,27.08518528024494
1,172,0.020986896078541595,29.852268411450208,27.230663947527418
1,173,0.020973043375701276,29.692648869976004,27.0663380971769
1,174,0.02091704579597374,29.664483584567186,27.027780645815753
1,175,0.020928293431423745,29.649027377143902,27.00912964385561
1,176,0.020956316189664714,29.785330335214177,27.079844132533058
1,177,0.02094888613330868,29.62581899739842,27.01655005411819
1,178,0.02090900981763624,29.651349663670686,27.05680253696774
1,179,0.020929442015740107,29.64006340720437,27.01531178942956
1,180,0.020922508196167228,29.58786813396821,26.977871439598164
1,181,0.020947365125395218,29.716861438177485,27.115016538507017
1,182,0.02090204419251883,29.836390529023134,27.116892020461453
1,183,0.02090628810648648,29.666902616253513,27.09508558931251
1,184,0.020973160335758946,29.609893082616164,27.11517361896794
1,185,0.020927329881573625,29.798293242607524,27.19750719701787
1,186,0.02093549241434853,29.741735102594856,27.06291320348866
1,187,0.020905574221374852,29.763937988064505,27.098138383872
1,188,0.020969453917921713,29.663332693844556,27.024082981335578
1,189,0.020970343243119853,29.70781761407852,26.992391360346033
1,190,0.02097942497370378,29.738775601616517,27.08437173624072
1,191,0.020905084064546622,29.71483126228506,26.993576242533294
1,192,0.020944369921706757,29.79304865962044,27.095084409680517
1,193,0.020937964074173063,29.66462736384754,27.0468680949992
1,194,0.020956384439794522,29.64889114668025,26.99310553946146
1,195,0.02093011460636022,29.764473181867345,27.093965743061556
1,196,0.020950169952691725,29.725087650510716,27.04292782839998
1,197,0.020951215494072663,29.778858189850567,27.140654587164157
1,198,0.02089835394103572,29.59568688812103,27.05566593661956
1,199,0.020956100087683154,29.709750725368764,27.072587973564758
1,200,0.020897713964277843,29.71401133632915,27.057288980650153
1,201,0.02090347094355889,29.62281189028592,27.057347845948115
1,202,0.02092945153983134,29.86631943102189,27.14779439122004
1,203,0.02090132514120273,29.613560690408086,27.04762525591701
1,204,0.020942037995412666,29.65450851643149,27.070308382918196
1,205,0.02090191665404248,29.67311300007417,27.143355588879736
1,206,0.0208889476533206,29.67735877757404,27.100787897143213
1,207,0.020928410391481418,29.637825143146006,27.009928982432296
1,208,0.020938372063749242,29.669444877387367,27.11774942683841
1,209,0.02096049543821587,29.720382447994968,27.00407062756475
1,210,0.02090237335354652,29.72648481640586,27.1640655271683
1,211,0.020907247614748072,29.675429562961355,26.99094302479814
1,212,0.02098945640730408,29.80524294389123,27.088953978508606
1,213,0.02094828263628033,29.691004182820652,27.125249095079376
1,214,0.020929145538863145,29.6560445729424,27.028696964011374
1,215,0.02088028962179175,29.664615764464923,27.0711781538322
1,216,0.020884016704446864,29.646974122396767,27.037427792565747
1,217,0.020982921510091367,29.577461722636606,27.038563346198213
1,218,0.02094355598092079,29.714783132076263,27.020174475081706
1,219,0.02088954654645245,29.66199824886526,27.054927859156805
1,220,0.020925919718618662,29.793073849882035,27.046763270574164
1,221,0.020847402126440463,29.617978027478895,27.039433904641182
1,222,0.02096348189098655,29.68952752128642,26.942017711413445
1,223,0.020890699875242304,29.659702731453798,27.01836937894389
1,224,0.020919548101582617,29.64787214388822,26.956805717654344
1,225,0.020927493372615777,29.727358362891458,27.058739319910988
1,226,0.02093511869041425,29.763117368081037,27.015463074740634
1,227,0.02098881945295154,29.68283594566233,26.933332263800324
1,228,0.020969945375087125,29.824162864175072,27.034671650530985
1,229,0.02091712420279125,29.80310864461297,27.0818410733851
1,230,0.020946484621403354,29.669751947831344,27.037770311176153
1,231,0.02090120811085656,29.817764201903724,27.140352956924705
1,232,0.02091410183259901,29.735622928231795,27.036221019067
1,233,0.020908288973963487,29.644153703215288,26.99545319985845
1,234,0.02094575140695527,29.821141051927352,27.165602474677854
1,235,0.020901641052848887,29.669584788740636,27.03959591961904
1,236,0.020953649584695977,29.51514856037609,26.91434604365651
1,237,0.02093477002432886,29.63770816224144,26.94582344015301
1,238,0.020913534639578946,29.643955380266362,27.003564980802636
1,239,0.020916198960171557,29.76793445112871,27.10279060988476
1,240,0.020930672802452772,29.62893576335142,27.100597617518197
1,241,0.020938801175018527,29.609612657169606,27.038667303344514
1,242,0.0208993044523698,29.76664900779724,27.034933459052642
1,243,0.020934013755254027,29.639781655602278,26.972437619332236
1,244,0.020917206334899057,29.559108996008806,26.934172949309133
1,245,0.02091264141336927,29.63561981387317,26.979148372955855
1,246,0.02093639393460076,29.661203167973994,27.019705905316183
1,247,0.020917281192147506,29.66134972565952,26.98302398907598
1,248,0.020902895456496276,29.62167831697566,26.94916334384825
1,249,0.02096499959534069,29.754676540777645,27.028057410741933
1,250,0.020948974942823627,29.68723293683108,27.07499521368472
1,251,0.020944349397465867,29.677643031359995,27.0420187209126
1,252,0.02091828354124753,29.74056283930406,26.987502756019087
1,253,0.020931758900296013,29.72890266020668,27.036961130148857
1,254,0.02092187117152619,29.616055958411273,26.989264431730795
1,255,0.02089149550587501,29.698945818801615,27.012774779821523
1,256,0.02091420459438045,29.681200381906276,27.034453431903692
1,257,0.020893603914751195,29.693552205141852,27.014390417092354
1,258,0.020894230712416036,29.710108237215543,27.038182301803747
1,259,0.02092883159529488,29.64285000556293,26.99320274446069
1,260,0.02087595095893122,29.676275393924612,27.02116321271305
1,261,0.02092797632487315,29.67633992439923,27.05984156804633
1,262,0.020932736894432105,29.671585014159668,26.985474121279832
1,263,0.020907292493952893,29.773671962041906,27.04198390016988
1,264,0.020882195564654638,29.73320067100984,27.06083206349549
1,265,0.02088457117524912,29.708632442785458,27.018024022570884
1,266,0.020910381849082012,29.720268133171103,27.043205012012443
1,267,0.020900597795844078,29.723790479280094,26.99474942476492
1,268,0.02090203790169842,29.70589718461674,27.052927911073905
1,269,0.020935472557848354,29.745522686886915,27.08401393890381
1,270,0.020863029648954014,29.532530478615175,26.982733743116
1,271,0.020898665881381846,29.800177468463062,27.0963422795206
1,272,0.020950733244700252,29.87814628312932,27.09809164386178
1,273,0.02091789758711491,29.57840327496197,26.90383815765381
1,274,0.02087574989868785,29.62855359029005,26.97663046009449
1,275,0.020866158400785248,29.669145913430075,26.98894288066372
1,276,0.020884260500095925,29.751725876331328,27.02720916561964
1,277,0.020868686361695237,29.657755477415687,26.982821863287416
1,278,0.02090408280491829,29.812121093910644,27.086107815599608
1,279,0.020895100391979487,29.70125837721289,27.024204250827484
1,280,0.02091518128817936,29.682420538134753,26.9459254999194
1,281,0.020899911534111453,29.878659163375588,27.05162554086293
1,282,0.02089335548006139,29.748672474514354,27.026663919774496
1,283,0.02092678725438298,29.90003738339572,27.04422319392294
1,284,0.020912328805282432,29.687829422568257,26.987425418680967
1,285,0.020960073320651956,29.613750118941546,26.93925129162725
1,286,0.02090820019959279,29.734872977618863,27.046641911363768
1,287,0.020855970715857902,29.61981518791321,27.01403069911518
1,288,0.020902614267367236,29.672424278093533,27.0471131826527
1,289,0.02088624302227542,29.689666508162084,26.92863713241205
1,290,0.020921348365691473,29.714631216475034,27.00879323939413
1,291,0.020891378545817338,29.741731030482022,27.018598519966577
1,292,0.020893552955591452,29.698921155100837,27.059529111775788
1,293,0.020915394402899832,29.753251207384835,27.025316158653553
1,294,0.020914264374746465,29.719143062606854,27.04066178192245
1,295,0.02083243155535662,29.710376776412208,27.06745438127152
1,296,0.02091239723113348,29.61829853300105,26.969461178530384
1,297,0.020888553440289677,29.726886699671415,27.02947782390209
1,298,0.020944313444900064,29.736219698477555,27.0478037458679
1,299,0.020905492475853778,29.82130135724889,27.113886434442076
1,300,0.020898662683255267,29.643202294959103,26.962342175872482
2,1,0.2772022434820732,559.2895321347298,563.2774872995835
2,2,0.08113348943491777,69.71662345676248,71.59106598166223
2,3,0.06174299791455269,58.565378717544974,58.780619531558365
2,4,0.05330695609251658,59.98287155781317,67.07305377202583
2,5,0.04989774202307065,71.57416376936327,74.02883136230894
2,6,0.04656168172756831,68.23381853366116,67.01846110114653
2,7,0.044524105017383894,54.189650890805304,53.99463363142379
2,8,0.04289959681530794,81.48643294168174,86.01230028531278
2,9,0.041576953853170076,49.66691118292852,49.746630253276756
2,10,0.039920280873775485,419.682340373468,439.74265855529995
2,11,0.03885603304952383,49.926697291802924,49.53366481634798
2,12,0.03796800058335066,49.695518434157066,50.023745347398496
2,13,0.03701973610247175,43.712204404708444,42.51185768074275
2,14,0.03689450460175673,45.02070524583169,44.32523598155909
2,15,0.036129415159424146,41.62510489892522,40.123488738561754
2,16,0.035464926374455294,454.9733792926193,469.21607412943024
2,17,0.03491589408367872,46.27576853550902,43.66429403683865
2,18,0.033902930871893965,42.71749562604712,40.67047482002072
2,19,0.03305687317624688,196.27546448313862,210.43771104447103
2,20,0.032355639276405175,39.81581215814713,38.900014731111426
2,21,0.03251609522849321,39.46013973656051,38.968978084338254
2,22,0.03113029527788361,42.43139977411393,41.59128780232074
2,23,0.030775140008578696,43.08445806065831,40.56421438409892
2,24,0.030868771920601525,38.36531395518452,37.77151008433166
2,25,0.030340162261078756,173.6906390058885,187.3427102491
2,26,0.03063567414258917,43.40644034639411,42.05731552070857
2,27,0.03073119092732668,39.44728298537228,37.975212466010646
2,28,0.029303152145196996,41.234565944846615,40.00020811034412
2,29,0.029435444281746943,44.986984828634,48.0252999561589
2,30,0.029067589404682317,45.734777590550415,43.584001637502
2,31,0.02849225513637066,41.18670364694858,40.79555438038364
2,32,0.029393563233315944,36.62803500989161,34.670006864993
2,33,0.02774897258107861,133.59604837260116,152.87546355882174
2,34,0.027935682982206344,37.75439327309984,36.27917751950254
2,35,0.027475973777472972,456.06305721177966,470.5619661018824
2,36,0.027207023277878762,36.0034947089099,34.02743019542628
2,37,0.026680377187828223,38.89450437213303,37.001982120686705
2,38,0.02647555364916722,43.13578132139433,46.21291235348904
2,39,0.027114884369075297,38.31013144746833,36.57135099151824
2,40,0.02652890992661317,36.39804750495001,34.60248471303269
2,41,0.02598609682172537,561.3337924222334,569.4707424682192
2,42,0.02580367463330428,379.21787943708784,406.74786206820283
2,43,0.025713246191541354,37.937591850210765,35.24449660138386
2,44,0.025528600656737885,38.3720953792607,36.9441625515343
2,45,0.025297967623919247,40.25094275518295,40.68305588433136
2,46,0.025230301544070244,36.19528592310914,33.971199022352906
2,47,0.025254752952605486,50.34647876494521,51.61867235761902
2,48,0.02445080972587069,34.67186028541775,31.655752464453933
2,49,0.024057630604753893,36.63519903060493,33.364924331159955
2,50,0.02383324798817436,35.35708392431977,33.14164571064274
2,51,0.023681988225628933,34.47603058946242,31.809968818770884
2,52,0.023666583467274904,34.53138101385274,31.187279638097678
2,53,0.02347815583149592,39.60705244256816,37.87996299756944
2,54,0.023503586805115145,34.34665000985522,30.953737754024278
2,55,0.023166324943304062,44.76502780564334,46.60851150938027
2,56,0.023115113532791536,35.26104935812294,31.98562991245283
2,57,0.023077146771053474,34.87671527337591,31.889189633758225
2,58,0.023073423436532417,38.586503419088665,38.267492241145014
2,59,0.023092311124006906,35.35532620631227,31.870799147708905
2,60,0.022882584979136786,35.814197711769594,32.395932882089646
2,61,0.022998040883491437,35.15036941143351,31.36900856602898
2,62,0.02271842872723937,36.183202047085544,33.343827443671145
2,63,0.022761819946269194,35.21933893326226,32.08948484281214
2,64,0.022684043118109305,33.5331878364633,29.92852938382883
2,65,0.02250917550797264,34.333889032066416,30.32220398839758
2,66,0.022379197956373293,35.53777682803093,33.104828960804156
2,67,0.02251666281372309,36.56725359575464,32.72061203082679
2,68,0.022384486036996047,35.433046717162526,32.01307193410521
2,69,0.022297955521692833,453.7400415823,476.7050292118086
2,70,0.02230858871092399,35.6298635395295,32.03230541508372
2,71,0.02206329650556048,36.03380438953365,32.5655972085348
2,72,0.022154926198224227,36.31656947529644,32.575089089131104
2,73,0.022286843042820692,34.06647398537452,29.967436697424912
2,74,0.022195921869327624,51.94969468597972,55.168963116635844
2,75,0.02200719155371189,35.58266956959296,33.38092253681675
2,76,0.021700472664088012,33.76230889591602,30.08286764231293
2,77,0.02151475114127,33.478997995219096,29.703971816272272
2,78,0.02139778040970365,33.798203141098725,29.43987776925755
2,79,0.02140586928774913,33.92686946238946,29.71417715491318
2,80,0.021329989656805992,59.893872199802225,63.89245365554863
2,81,0.02135240097219745,33.42952639553525,29.198231142157045
2,82,0.0212072911982735,33.218126309246095,29.256811740091038
2,83,0.021236919735868772,38.83106663205208,35.61678907015598
2,84,0.021195000037550926,34.192038698808865,30.358723048964443
2,85,0.021039776038378477,39.2559293711951,40.88993484550237
2,86,0.021085276454687118,36.021185444473126,33.0955835136387
2,87,0.021086147520691156,33.39570701319143,29.31199035910364
2,88,0.020997945095101993,39.975620513006085,38.251430943452526
2,89,0.02093238492185871,33.38504705691556,29.24584822372277
2,90,0.0208880791751047,33.69986279163886,29.685489019865773
2,91,0.020937990862876177,33.68469211683361,29.17078922683769
2,92,0.020803055725991726,33.54619388405336,29.004619060077733
2,93,0.020848602863649528,33.59318107464991,28.87831075847772
2,94,0.020763743358353775,33.38217961372585,28.868447546344186
2,95,0.020504919765517115,33.718862859043504,29.431017533411964
2,96,0.020585297544797262,34.55063607802085,30.950549205421154
2,97,0.02053097772101561,34.25693157616011,30.309324689858467
2,98,0.02056274637579918,34.12292573561362,30.096464223562634
2,99,0.020440887815008562,33.319000009659234,28.586362420058833
2,100,0.020454741114129624,37.58518615512673,34.409759534776
2,101,0.020576677129914362,33.54226752289938,28.935930378345663
2,102,0.020472766272723673,33.48988773975897,28.988080094500287
2,103,0.020432856337477764,33.59642748001519,29.07619662068862
2,104,0.02043467729041974,33.72790560766098,29.34619205421687
2,105,0.020268225545684495,33.2037480783025,28.55165013369783
2,106,0.020199498316893976,33.39090497253138,28.62223632493501
2,107,0.020182004881401858,33.24743762934973,28.346017408869407
2,108,0.020286739928026994,33.30140813950005,28.531035027852873
2,109,0.020191685917476814,33.264245215249716,28.461902937407277
2,110,0.020298533358921608,33.35135129526121,28.435923622875677
2,111,0.020168467921515307,33.250811088632005,28.398317111078455
2,112,0.02033851525435845,33.42928695853697,28.619739559053958
2,113,0.020267567442109186,33.37506580702755,28.755984771542433
2,114,0.020130063779652117,33.66068921045426,29.052263987604334
2,115,0.02014483781531453,33.4871171723812,28.828219802537447
2,116,0.020075205899775028,33.591642521499494,29.158146911381845
2,117,0.020089345425367354,33.35846622887008,28.608885206827303
2,118,0.0201657616533339,33.28858717822153,28.58164071538307
2,119,0.02010184063886603,33.15209976511264,28.26763972837335
2,120,0.020066341571509837,33.334643026229436,28.520096669213697
2,121,0.02006465879579385,33.32406697229508,28.573972073996938
2,122,0.02002705732981364,33.62298793442752,29.089893234731427
2,123,0.019962664507329465,33.25486885910734,28.396377178019346
2,124,0.02015913004676501,33.6033472113653,28.859967092188395
2,125,0.019967354430506627,33.382030110840404,28.555341012801858
2,126,0.020020749326795338,33.132753142960574,28.258035516905036
2,127,0.020016613230109215,33.28726438644829,28.445292738671917
2,128,0.02001838662351171,33.22553727911153,28.471832085984925
2,129,0.020007005287334324,33.4386466822493,28.665139686770555
2,130,0.019884336522469917,33.1387265511609,28.27288919043458
2,131,0.020059916408111653,33.210547037737086,28.316326290888238
2,132,0.020019348120937745,33.40422615436239,28.538955661893308
2,133,0.019971840114643178,33.55312156152288,28.72069324932032
2,134,0.01994778321435054,33.43733881154191,28.626564271774026
2,135,0.020040255971252918,33.3731777646126,28.552481973628133
2,136,0.020080930025627216,33.36878256141593,28.474498649092087
2,137,0.019990347015360992,33.17026483553265,28.255171589735077
2,138,0.01989343153933684,33.25229499361931,28.374217827561008
2,139,0.020052636011193194,33.26308329345983,28.388038950930074
2,140,0.019942326843738555,33.45823384381215,28.703227029860226
2,141,0.019909279545148213,33.26249209937699,28.384635390304936
2,142,0.020090619071076312,33.328357372808895,28.492444463723213
2,143,0.019889532929907243,33.15308698426693,28.231736528748833
2,144,0.019859355688095093,33.15058471259721,28.263376701168898
2,145,0.019937784628321728,33.3246956729014,28.591300333003133
2,146,0.019845118078713617,33.37159983958673,28.558493404853635
2,147,0.019907246188571055,33.237936464362186,28.342423129995524
2,148,0.019932652094090977,33.238653398216314,28.373326035742146
2,149,0.019937287736684083,33.2755560218741,28.43859803136633
2,150,0.01995276672144731,33.32157856827482,28.500490550795497
2,151,0.019860229485978684,33.38196443155271,28.52949986474439
2,152,0.019967491179704665,33.26168757622395,28.421197867975003
2,153,0.01986869958539804,33.307544116798894,28.43589125776125
2,154,0.019907017548878986,33.330710405822195,28.453438446496836
2,155,0.0198190424280862,33.348675384871456,28.478954640830434
2,156,0.01987723552932342,33.191796551275694,28.287688544402968
2,157,0.0197827179916203,33.277391454714156,28.381963643462814
2,158,0.019801856360087793,33.3413953868621,28.435376954826328
2,159,0.019810316587487855,33.36000993361167,28.49291843321265
2,160,0.019915906184663375,33.28824749517878,28.36648146532969
2,161,0.01983119039796293,33.3177800554748,28.379209541692966
2,162,0.019831434730440377,33.30679962963139,28.3397825952191
2,163,0.019801633960256974,33.258281343792554,28.330381891868672
2,164,0.01975691063950459,33.28459960342547,28.395670927360083
2,165,0.019975750179340442,33.30296300310607,28.407246642827158
2,166,0.019774734849731128,33.28360003725104,28.364387608571334
2,167,0.019922194723039865,33.289985135279665,28.39256736874996
2,168,0.01988719670722882,33.27109314804777,28.357278973383355
2,169,0.019940565122912327,33.38437499825014,28.49819668826326
2,170,0.01992478659376502,33.323974632123196,28.389743991014434
2,171,0.01995094297453761,33.43917082515332,28.54799923913404
2,172,0.01978308300798138,33.34170693913731,28.47732979246133
2,173,0.01983297479649385,33.27842384128395,28.389959853700645
2,174,0.019858683381850522,33.190948391835626,28.28708282829577
2,175,0.019810052774846553,33.238709276531814,28.306001922394756
2,176,0.01980474122489492,33.333897352656095,28.443362162918994
2,177,0.019772564992308617,33.306285189707346,28.411314884544666
2,178,0.019804634215931097,33.29426150715679,28.406441681891785
2,179,0.019797262052694956,33.281960525862665,28.365321478361867
2,180,0.019803503404061,33.322595321585275,28.400198700536002
2,181,0.019818784855306148,33.295821832079405,28.340846304278756
2,182,0.019802133676906426,33.236388285225686,28.334939950019226
2,183,0.019800443357477587,33.31203532437666,28.4119311176526
2,184,0.019823519978672266,33.2719456173958,28.40975572007874
2,185,0.019829224112133184,33.320720380380614,28.382013938983558
2,186,0.01978364707902074,33.33136433767616,28.400066046764625
2,187,0.019790612316379946,33.27415058240978,28.372659161531136
2,188,0.01982834581285715,33.26254352254605,28.34639249196867
2,189,0.019818517565727233,33.24719427791211,28.349148471180985
2,190,0.019823557045310736,33.36400361192336,28.442990206675248
2,191,0.019947889152293403,33.30352356237009,28.363018906490314
2,192,0.019828887314846118,33.27325799049587,28.313273473068396
2,193,0.01986555652692914,33.301922619670904,28.369554905110537
2,194,0.019790449521193902,33.325756601456106,28.403556268804994
2,195,0.019962138775736094,33.23264977516384,28.319764369871557
2,196,0.019965140769879024,33.34252870017235,28.4021984093696
2,197,0.019833123497664928,33.24368790967749,28.345789201583596
2,198,0.019813777475307385,33.33063753635511,28.435811185670648
2,199,0.019852940489848456,33.33384268874422,28.418209923269025
2,200,0.01982684244091312,33.3410501550097,28.450735700255073
2,201,0.01989045230050882,33.36553207887422,28.434004311777574
2,202,0.01984479542200764,33.33564035958106,28.391470400713878
2,203,0.01986226821318269,33.25203262994049,28.351462879247368
2,204,0.01986867586771647,33.29378940512281,28.3621085529128
2,205,0.019791255922367176,33.247130703707356,28.30613236975587
2,206,0.019769787912567456,33.3074712298332,28.374642910442287
2,207,0.01986053219685952,33.31906149452979,28.421419419478042
2,208,0.019787167912969986,33.359278685893486,28.402222723080307
2,209,0.019789531050870817,33.35184285925069,28.442878228031386
2,210,0.019832129372904697,33.323749729471466,28.430879001418056
2,211,0.019955423443267742,33.322617033862194,28.38471751595208
2,212,0.019816221420963606,33.30013453807306,28.393796545287874
2,213,0.019934505441536507,33.22084228095658,28.27804888748541
2,214,0.019812844848881166,33.32676505342536,28.37307968870688
2,215,0.019774096614370743,33.330317322267305,28.37881339800898
2,216,0.01982009873415033,33.28243244941081,28.406148681241877
2,217,0.019776391113797823,33.30473827047086,28.394446701953637
2,218,0.01986566036939621,33.28173665737887,28.336881039449977
2,219,0.019795762902746598,33.223737888161196,28.293064203827225
2,220,0.0197980558189253,33.304419328532084,28.390154576052357
2,221,0.019825351672867933,33.27170199822942,28.380236479463477
2,222,0.019868482959767182,33.334568702627756,28.39601226301559
2,223,0.01985085423414906,33.216931210089164,28.32070434051939
2,224,0.01986515543734034,33.32673182006276,28.433300410413576
2,225,0.019862875714898108,33.30020612664179,28.41341028313188
2,226,0.01983857547553877,33.352433895846026,28.436363625609502
2,227,0.019771705862755576,33.277696364516515,28.401415685328043
2,228,0.01982564025868972,33.318196863646904,28.37491386360408
2,229,0.01974298870190978,33.341492089437786,28.366842156918622
2,230,0.019871695463856063,33.27955748881769,28.297918505784942
2,231,0.0198627231332163,33.17681422102342,28.30981863334204
2,232,0.019769902247935532,33.35008574494528,28.462701279111855
2,233,0.019910699874162673,33.29175139960893,28.35641945696043
2,234,0.01980404897282521,33.327604402314634,28.420264297246103
2,235,0.019737495326747498,33.294109785447425,28.421860638395835
2,236,0.019839233718812466,33.249681313540954,28.30437291706896
2,237,0.019720924630140264,33.302095736932316,28.393236120403436
2,238,0.01974191622187694,33.32029624553996,28.457028060009254
2,239,0.019977554741005103,33.3498934614549,28.422341542792235
2,240,0.01978957522660494,33.28401894000692,28.366862758942183
2,241,0.019780833957095942,33.35559489048949,28.43625095247807
2,242,0.0197408362912635,33.32279164550501,28.415012858055196
2,243,0.01987642504585286,33.25928367649743,28.326607773943646
2,244,0.019795130270843706,33.25200463041253,28.331909654863203
2,245,0.019782177265733482,33.31218536446948,28.4182406535132
2,246,0.01973592002565662,33.27267280893588,28.323063312091893
2,247,0.019819204850743215,33.32527882987206,28.423395176797793
2,248,0.019780460993448892,33.27962602912833,28.379321962283463
2,249,0.019781637688477835,33.24274510374857,28.29339789347366
2,250,0.019756840091819564,33.24498270367263,28.370987307319243
2,251,0.019806712586432695,33.269972662969465,28.343941778256088
2,252,0.01985503699009617,33.329843395128165,28.420924774861085
2,253,0.019858086543778578,33.257133044671576,28.372443352011437
2,254,0.019853233670194943,33.31206496702422,28.414561826592955
2,255,0.01989545039832592,33.37021668285405,28.427916550054782
2,256,0.0197759250489374,33.372964013825865,28.493316105433873
2,257,0.019788721421112616,33.367357502508604,28.469195349291226
2,258,0.01972750723361969,33.31739270796469,28.41372616531957
2,259,0.019796907467146716,33.310324359158855,28.390052160734914
2,260,0.019810989685356616,33.26080214824152,28.35567947547195
2,261,0.019857222742090622,33.3520143963875,28.429589401138784
2,262,0.01996288529286782,33.323024702509606,28.383112595056406
2,263,0.0198925307020545,33.30477746911005,28.384725490928943
2,264,0.019792527239769698,33.34351763244069,28.406394566393065
2,265,0.0198257677257061,33.367168666244645,28.427294634775834
2,266,0.019892358407378196,33.253137775736114,28.32845355907799
2,267,0.01978495844329397,33.2626437650908,28.368450666553883
2,268,0.01987636278693875,33.30748230645416,28.365241323198592
2,269,0.01976089443390568,33.33747559293695,28.453825149801965
2,270,0.019826215505599976,33.34070256784422,28.406505272363535
2,271,0.01985019069785873,33.257737437956926,28.361733177397724
2,272,0.019785314984619617,33.33424622946923,28.40637138579365
2,273,0.019810099868724743,33.29761316141951,28.381426897613846
2,274,0.01987227713689208,33.33498778561933,28.349024244301827
2,275,0.019741162471473218,33.28008117500795,28.36973523262901
2,276,0.019840290552626053,33.35118439875612,28.384544728109645
2,277,0.01981773190200329,33.31575013956893,28.427195901239376
2,278,0.01978831316033999,33.28479236987753,28.353200772913493
2,279,0.019806522969156505,33.15396635423013,28.244877187217153
2,280,0.01992692012960712,33.359419229489944,28.404500529325798
2,281,0.019838226276139417,33.31159073015966,28.375035402251452
2,282,0.019797178606192272,33.223037927960036,28.327065152158305
2,283,0.0198026138668259,33.31166075260268,28.424970457362797
2,284,0.019886534785230954,33.28840972305438,28.360751716932768
2,285,0.019914844725281,33.330369259895534,28.40629605216847
2,286,0.01982481060549617,33.268526897955375,28.341463660529268
2,287,0.01982606208572785,33.30838157583814,28.386201124158056
2,288,0.019770855208237965,33.230417515815944,28.316842856722843
2,289,0.019781012957294782,33.30289653988059,28.351476021344652
2,290,0.019807681161910295,33.24186083592406,28.322515803347066
2,291,0.019858740580578644,33.41576994974679,28.464921635617777
2,292,0.0197375209381183,33.236932805262576,28.315752006158597
2,293,0.019920693865666788,33.28948248417006,28.385686844483484
2,294,0.01970123959084352,33.29757440549518,28.367266551958142
2,295,0.019678186470021803,33.323444919411195,28.446318486841715
2,296,0.019837047997862102,33.26323859013549,28.35748256457392
2,297,0.019812210152546566,33.34337433631267,28.429775267943274
2,298,0.0198816637819012,33.24844831414179,28.343579478380157
2,299,0.019749140925705434,33.20388430324169,28.29719174282061
2,300,0.019770580250769852,33.350053528252,28.486674378557904
3,1,0.2872236111600484,588.8814718774024,573.9891863567074
3,2,0.083812610113195,294.82158263186193,276.7007789213068
3,3,0.062149720798645704,53.16153237857717,62.259084023665054
3,4,0.055082617194524834,46.92582090484335,54.85412600314576
3,5,0.0504491735648896,45.69298466469379,55.13843904555051
3,6,0.047547114813434224,43.975070045983536,52.12015574651313
3,7,0.04499760576124702,41.001219250420306,50.21624116532063
3,8,0.043441058069999726,38.340579238660794,45.5807643850506
3,9,0.0421312929663275,40.22420753506904,48.61192384912577
3,10,0.040367512830666134,154.68512596982592,138.56325456572742
3,11,0.03956030475507889,37.03492823338255,43.67225017614066
3,12,0.03908998060173222,39.139904844634074,47.84542666578127
3,13,0.03816918652903821,36.26139577715955,44.287485189138806
3,14,0.0373905099861856,35.16247356033072,43.33901519310184
3,15,0.03604844694824091,36.81529898085493,44.95435779186076
3,16,0.0361771880249892,35.32777199656405,42.13015559326065
3,17,0.03441447724721262,43.313303577139024,52.95990242110727
3,18,0.0339554485399276,94.54383294633094,95.93463324171326
3,19,0.03456403441461069,32.856098232117105,38.59748777861379
3,20,0.03342121190923665,32.24428812810715,38.86741480677801
3,21,0.03215549882900502,30.330979962932304,36.69544748645211
3,22,0.0324784120145653,477.93768377506984,417.60562527221254
3,23,0.03179839562757739,32.00425253332929,37.200537053550164
3,24,0.03107889635222299,380.5274590431376,301.7668029040825
3,25,0.03128033254428634,31.684727751828255,38.03794444811884
3,26,0.03138288888814194,32.546218191055544,39.057455132647256
3,27,0.030831330755193318,31.095642304959448,36.47425021527121
3,28,0.031086846687165753,33.84049633097776,41.99435736161076
3,29,0.030265615853880132,30.031810550613606,35.82541809680154
3,30,0.0294399709839906,35.820329599558036,42.99773143143604
3,31,0.029195900973198668,29.264891613988166,34.763989917077254
3,32,0.0297008767457945,29.942743295526252,35.943441696698656
3,33,0.02875372747491513,30.076860898035637,36.07846830613937
3,34,0.028355776631672467,30.49452514217255,36.01595045548283
3,35,0.027761152646105205,31.008931406476396,35.83103236753351
3,36,0.02780914369837514,29.733690327152292,34.626401545694065
3,37,0.02767566787744207,29.4700850684275,34.190529979479855
3,38,0.02743308186264975,29.84694421227942,35.448711023098085
3,39,0.02718305105476507,28.374210234652175,33.089268475044065
3,40,0.026822967055652822,30.60991544006987,36.283613929349784
3,41,0.02666981188979532,30.559784619256536,35.82334971344845
3,42,0.026721830779154385,29.20857844295654,34.08144380988144
3,43,0.026461490130584155,85.16546021243359,89.30336096228623
3,44,0.026424055819266608,29.06147561555213,33.83028529496143
3,45,0.026269622978621295,31.279610575038067,36.42471945161188
3,46,0.025980648019218018,31.539847117789247,37.51112062008954
3,47,0.025867533271334002,31.716762762913046,37.0526394993586
3,48,0.0258435316916023,30.119132126899476,34.84400739237822
3,49,0.025603454892656634,29.365718422100898,34.93777209624181
3,50,0.025677768480298773,91.20725763985452,90.81153509425785
3,51,0.024651663710496256,27.443065555171763,31.365997846118248
3,52,0.024432229975770627,28.5224842849247,32.414127788477245
3,53,0.0241886724584869,27.285644333730353,31.402721371800226
3,54,0.024110579197960242,27.187013205854182,31.331016228174082
3,55,0.023935685998627117,27.45666417796561,32.300946604499416
3,56,0.02387218559826059,26.89527202191505,30.643813050167072
3,57,0.02378148731908628,27.47061929724952,31.030197465876668
3,58,0.02376899222976395,28.200974493584734,32.76605262158225
3,59,0.023615391924977303,27.688843612975262,31.16960808292083
3,60,0.02358857755150114,27.717374024873084,31.56039175837713
3,61,0.02355544555134007,301.296526188546,231.16817668423005
3,62,0.02346111704329295,27.294677550805375,31.62056104812888
3,63,0.023420401017314622,29.668645091671895,33.02090589011588
3,64,0.023344229008736356,27.370234470735205,30.934615866232416
3,65,0.02329978160560131,29.663698238895293,33.70965085046217
3,66,0.023229486175945828,28.109973343128853,32.78663280367436
3,67,0.023074732328365957,33.158693771413034,36.57530481225522
3,68,0.022801284711541876,27.056363735110203,31.138294186741632
3,69,0.022566186796341623,26.6147995366061,29.953487439438025
3,70,0.022561734143112386,27.382320044681112,31.394264370722222
3,71,0.02239902992732823,27.358630864861162,30.735069693588628
3,72,0.022353041218593717,27.031682796300725,30.74126999552657
3,73,0.022422031266614795,26.849529155391327,30.532482808475294
3,74,0.02222387938361083,26.80294432855667,30.20715907558747
3,75,0.022265224950388074,36.26425150417267,38.46911842399358
3,76,0.022204246139153838,26.637255420551654,29.876800493911585
3,77,0.02215902164711484,26.673556521851967,30.11591123786953
3,78,0.022100484198225395,26.543327716436792,29.766888698219006
3,79,0.02206589630804956,35.505648510253174,38.25539726828864
3,80,0.02205677263970886,26.586290791313697,30.257509985867276
3,81,0.0222295690660498,26.92015206116311,30.14620771308394
3,82,0.02190073436525251,27.568285924006016,32.22791762468292
3,83,0.021898520910846337,26.74339273096399,30.243057058247956
3,84,0.021825905157519237,27.05165645860611,30.88826728780926
3,85,0.02180710614525846,26.68184876663888,30.044740035558828
3,86,0.0216345936392567,26.773521800624565,29.98854619534589
3,87,0.02164721365885011,27.046558257588682,29.980365055363354
3,88,0.0216768002470157,27.593664374440273,30.75369383981419
3,89,0.02170735827114965,26.896788137548782,30.11381704882047
3,90,0.021474385002095784,26.51202447205148,29.75101232694832
3,91,0.021342607847015773,26.58151116523337,29.918264089976454
3,92,0.02135169313156179,26.61957801022428,30.026539832457434
3,93,0.021265019063970873,26.4907538665736,29.52911723200037
3,94,0.02124312337088798,26.63709886403794,29.60871940041253
3,95,0.021187317158494676,26.732837511345426,29.961478891272993
3,96,0.021189272137624875,26.714584987055748,29.94185496871895
3,97,0.021201581062216843,26.751691264833543,29.673239701300965
3,98,0.02116238039785198,26.591508236812786,29.71593855814651
3,99,0.021115110155993273,26.56789179938905,29.406664589140888
3,100,0.021115557656490376,26.858089705255438,29.851408087833416
3,101,0.021126601080011045,27.021590674335652,30.255093587815555
3,102,0.02122157226715769,26.449129901033768,29.97026239454954
3,103,0.02119270891749433,26.47208972909349,29.850303327580363
3,104,0.021020087812628065,29.85869823554729,33.112635060885225
3,105,0.021001800395814434,26.498649512041123,29.56333369078952
3,106,0.021011610415631106,26.500880115843835,29.43567698010169
3,107,0.02089482392849667,26.648474518606005,29.561825363478178
3,108,0.02092667905214642,26.979017997358707,30.179127998883715
3,109,0.020928416035271118,26.53435871956196,29.32646774331867
3,110,0.02085322993142264,26.461592546327317,29.666731106694982
3,111,0.02088009995142264,26.821957333607877,29.819432707198406
3,112,0.02092043905785041,26.585068182425296,29.420059350309472
3,113,0.020805323496460915,26.60339095475192,29.82112034521867
3,114,0.020771326131320426,26.614716166987066,29.77967337365765
3,115,0.020717331441119313,26.525233177745594,29.655368775025476
3,116,0.02065553260035813,26.475121738428765,29.677983749203566
3,117,0.020693054954920496,26.325609700793915,29.2825577267371
3,118,0.020681164659825817,26.623660614832918,30.023360036391413
3,119,0.02067512652969786,26.43432869112238,29.36213871826278
3,120,0.02069048729858228,26.34284312626783,29.250193177199947
3,121,0.02065456605383328,26.401203692593473,29.29567159260607
3,122,0.020581291522830725,26.527768005398993,29.3954387126484
3,123,0.020605041745251844,26.582041012162858,29.598551594006477
3,124,0.020615139743313193,26.46352785603797,29.29290381707381
3,125,0.02054687313336347,26.443389430483606,29.41789669940696
3,126,0.020548119342752864,26.378364972294644,29.303373220490247
3,127,0.020531618568514074,26.35545804938103,29.26634211656524
3,128,0.020517573858212148,26.394356711430753,29.3723674235859
3,129,0.020455862694819058,26.453242971542032,29.30891250982517
3,130,0.020494558848440647,26.392123202852748,29.38258318618615
3,131,0.020478288676323637,26.369142341486953,29.29499311148082
3,132,0.020467048178293874,26.330905662889176,29.242303074029266
3,133,0.02046511910988816,26.394377478576722,29.1882849670038
3,134,0.020481773585613285,26.380306751487105,29.241416824819318
3,135,0.02048505443547453,26.45268659578993,29.36360972932822
3,136,0.02040392117175673,26.469214709515267,29.25601626937813
3,137,0.020410291152074933,26.437263076609753,29.286906926889454
3,138,0.020377217858497585,26.368127254412528,29.24224593332005
3,139,0.02039569054198052,26.33289571899049,29.255175254901527
3,140,0.02040955507462578,26.415229037087013,29.281531603078808
3,141,0.020370273418458446,26.421594271634486,29.23790023883461
3,142,0.020391563552298715,26.406031930700262,29.27216611921995
3,143,0.020388888561033776,26.42122711811928,29.31566665396873
3,144,0.020383521781436036,26.40739419945377,29.349717708414854
3,145,0.02036126606565501,26.36467899160182,29.257016211851965
3,146,0.0204292513330334,26.405909145132025,29.3412830538866
3,147,0.020355997374281287,26.41320071876683,29.26295378814591
3,148,0.02035665196100516,26.368382023687058,29.19545122804542
3,149,0.02034869620443455,26.40070998795489,29.26288747953621
3,150,0.020382074173539877,26.43910322053001,29.378056257028614
3,151,0.020338138598682626,26.372103714403956,29.240200238776122
3,152,0.020345999892534956,26.34669193879087,29.179658258418172
3,153,0.020347063429653645,26.371605650541632,29.198414044928466
3,154,0.020299071579107215,26.39053811101203,29.22817399360577
3,155,0.020324984532115713,26.33444958972804,29.2033447837165
3,156,0.020325846205066358,26.39899264434551,29.188463985296906
3,157,0.02032361502226974,26.35720253846747,29.22198542152963
3,158,0.020317560860088894,26.43058809099045,29.266930294369157
3,159,0.02029259200207889,26.3607242491017,29.219485964093888
3,160,0.020311863760330846,26.39533383763851,29.2713126903627
3,161,0.020307215795453106,26.370467462755265,29.24450729449867
3,162,0.020273251492264017,26.3576601597857,29.219540649174814
3,163,0.020271605911797712,26.39947712675054,29.28697263737589
3,164,0.020310894519622837,26.36421589585061,29.224027560563037
3,165,0.020280615027461733,26.37275062739215,29.275140891922476
3,166,0.02031234119619642,26.384170590880068,29.252194939590083
3,167,0.02033675368875265,26.392239393706017,29.240437603993698
3,168,0.020300736451255425,26.38870193222736,29.265001582767074
3,169,0.020273308136633465,26.38191160401131,29.205441627768273
3,170,0.020323852010603462,26.359620851405122,29.20302329578466
3,171,0.020281641112108315,26.389784104329475,29.26978076708857
3,172,0.02026873061965619,26.38088741914389,29.199761300967545
3,173,0.02029066050558218,26.36867895563866,29.236065854594266
3,174,0.020294537568198785,26.387589846995283,29.18119380366096
3,175,0.020288942315216576,26.362392908715186,29.1778100475617
3,176,0.020293953429375376,26.38887802479749,29.242063558890845
3,177,0.020293136027508547,26.40803747005919,29.26521865831435
3,178,0.020289289532229304,26.347907807598723,29.24742607621781
3,179,0.020288336390097226,26.391188242492525,29.230497400104376
3,180,0.020338089005755528,26.349475387880144,29.21970294327686
3,181,0.020270319090091755,26.394020488604585,29.21806436797883
3,182,0.02027134843436735,26.40617999101573,29.224804024247756
3,183,0.020297261819775616,26.353149126977364,29.209607031287216
3,184,0.020292817249095867,26.38741592397081,29.236790593908225
3,185,0.020310444624296257,26.371491507012795,29.21234361136832
3,186,0.02031807684605675,26.34569717864407,29.2078044406213
3,187,0.02027490651900215,26.389816109645874,29.237688566334157
3,188,0.020305083798510686,26.34056602545241,29.21752065067092
3,189,0.020281549443357756,26.38263309445787,29.190964097345333
3,190,0.020285141488005008,26.36122397476054,29.201175287625514
3,191,0.020282411581969688,26.39515500341324,29.23583106130673
3,192,0.020284486967804178,26.331007394701878,29.225627749639106
3,193,0.020283944938065752,26.372628824507938,29.214841699766364
3,194,0.020288044353947043,26.394762289650895,29.21255115017243
3,195,0.020282482761623605,26.370983379635405,29.22984093656108
3,196,0.020224104735202024,26.37132224456427,29.168594290570514
3,197,0.020250049752316306,26.373654206699513,29.24550667207831
3,198,0.02026698931253382,26.340000816799225,29.20190726090807
3,199,0.02030790490763528,26.350695084225624,29.21294213338181
3,200,0.020268662633108243,26.346825733463813,29.18551064202179
3,201,0.02028007259858506,26.38452565543195,29.216726788245012
3,202,0.02028418648322778,26.383673448036326,29.252175460709097
3,203,0.020282327995768616,26.336319159478585,29.204502331670568
3,204,0.02028490785908486,26.43113198400812,29.29661207498158
3,205,0.020268067152106335,26.33997985324327,29.17045075552804
3,206,0.020316056408254162,26.34218076378741,29.241140295819537
3,207,0.02030229871161282,26.381310996698573,29.224020090668045
3,208,0.02030708241675581,26.41977774240869,29.222999642534955
3,209,0.020295842617217983,26.36351596389679,29.17053223985413
3,210,0.020265214294860407,26.322408970683178,29.205278788709474
3,211,0.02029078164403992,26.352255595966856,29.22430610989029
3,212,0.020279074420354197,26.38454227434828,29.213977072712435
3,213,0.02028962075045066,26.370629181411672,29.25376168028403
3,214,0.02025692437642387,26.375331946351427,29.164545477890385
3,215,0.020264568040147424,26.38104493297795,29.217944214983685
3,216,0.02022063602427287,26.380256057419675,29.208236697658844
3,217,0.0203015913721174,26.34599510564449,29.240882046131308
3,218,0.020257426392553107,26.385481531949754,29.26096710178495
3,219,0.020314245983692154,26.358495698964344,29.222177721482122
3,220,0.020257223563800966,26.375796187431256,29.233530639356022
3,221,0.020311725126313313,26.39658057911599,29.25049018195282
3,222,0.02029450628573873,26.358658314543835,29.199069358745934
3,223,0.020295518716531142,26.381025342548146,29.23181442765824
3,224,0.020262607872220024,26.338844886485568,29.168381006460155
3,225,0.02025261621123978,26.40128149345834,29.277051536879057
3,226,0.02032047393731773,26.249947505904004,29.150930743599602
3,227,0.020288266241550446,26.40109731684974,29.197795997513296
3,228,0.020299877106611217,26.304480402076496,29.19039810326872
3,229,0.02028197134911482,26.319276759757642,29.18586217235605
3,230,0.020266075186165317,26.36457727627551,29.19758758146173
3,231,0.020283077577395097,26.366714747028148,29.222222706997435
3,232,0.02027665943439518,26.347169317622136,29.21159346843015
3,233,0.02027937177834766,26.32704511855511,29.20555501200181
3,234,0.02026819414459169,26.32292361573336,29.1836572673678
3,235,0.02022813736195011,26.35485273076499,29.189533180476065
3,236,0.02029596921056509,26.362819037063325,29.23105723683427
3,237,0.0203097386817847,26.35727722403851,29.210842082724753
3,238,0.020297815457784703,26.31241673706694,29.215847959086453
3,239,0.0202318020830197,26.3348002027958,29.213546663211197
3,240,0.020290029468014836,26.352098762037905,29.176181786567078
3,241,0.020302799829681004,26.41252503480683,29.230924300615797
3,242,0.020259061928040216,26.37035712885096,29.254092379314145
3,243,0.020279149691175138,26.327390952154676,29.160405700630427
3,244,0.02025870223795729,26.371579275961885,29.203394361489327
3,245,0.020272264423381006,26.354007784039418,29.197377816309913
3,246,0.02031392015383712,26.382637317193314,29.231620492835493
3,247,0.020293598362643803,26.374307632763337,29.219800616805976
3,248,0.02024828190250056,26.32670794173758,29.203250595916856
3,249,0.02026255751427795,26.38278921836234,29.2228063191271
3,250,0.020262023167950765,26.34010504059335,29.181576659039752
3,251,0.020252655559618558,26.39842632983593,29.255457685384187
3,252,0.02023501241845744,26.37221223052512,29.223847409158633
3,253,0.020275263182286705,26.360715881307076,29.177328295824005
3,254,0.020222762865679606,26.35872684672792,29.186117467979937
3,255,0.020250933477655053,26.345276945448937,29.22799372589962
3,256,0.02026557463354298,26.388519867303522,29.182900501875928
3,257,0.020298543868453374,26.371958179042693,29.234607111701568
3,258,0.020268692834568874,26.346425264122637,29.20586896690342
3,259,0.02024404811007636,26.360595529066757,29.176471590580427
3,260,0.02026525528968445,26.38760330004895,29.22933276771253
3,261,0.0202770035580865,26.33632281089717,29.156003765943574
3,262,0.02024735776441438,26.375496751133433,29.2074428651391
3,263,0.02029209880025259,26.377741986766775,29.200992876644335
3,264,0.020252305648422668,26.345020974887177,29.183218178433407
3,265,0.020245708458657776,26.33885088911716,29.228408208707485
3,266,0.020272959023714066,26.39138588959232,29.2470644010484
3,267,0.020274408826870576,26.3523431873702,29.194170244064065
3,268,0.020235505853114382,26.367461308678415,29.181980388920483
3,269,0.02025318638022457,26.367822399481813,29.162158889637592
3,270,0.02028879789369447,26.319822040644098,29.228867441104263
3,271,0.020246368134394288,26.32993440139801,29.15826892188202
3,272,0.020247458047898754,26.39159586581778,29.213977890147564
3,273,0.02024622930080763,26.334603565804503,29.18796145542158
3,274,0.02026520815810987,26.369779657493247,29.178445553530384
3,275,0.020270169379987886,26.36623740513274,29.2037877072856
3,276,0.020263349703912224,26.352505774098507,29.16191668294448
3,277,0.020262841501140168,26.344566899411223,29.189823898288846
3,278,0.02025179342100663,26.341399451836626,29.201376114157434
3,279,0.020252477477437685,26.391441584901607,29.187968157725052
3,280,0.0202667638326862,26.35114786028862,29.19375049777147
3,281,0.02024052824292864,26.35756236235512,29.176641550628982
3,282,0.020249033346772194,26.35987447709479,29.177043127265957
3,283,0.02028799326425152,26.36554012209811,29.220596040998185
3,284,0.02025877744225519,26.34744629358992,29.207788390980365
3,285,0.020239961267049824,26.360415099149055,29.173547166565154
3,286,0.02028111890623612,26.359128339969097,29.175541595299485
3,287,0.020237344982368604,26.369874618788984,29.18493072496474
3,288,0.020235032541677356,26.34810337677915,29.181582085346925
3,289,0.02025985604684268,26.344406724293183,29.201767329970302
3,290,0.020251705776900053,26.346686627795087,29.230005154626294
3,291,0.020239861815103462,26.35011755754339,29.180072229498354
3,292,0.02027552867574351,26.35022649486014,29.180968081909604
3,293,0.020273298723623157,26.386612370927285,29.230222725286716
3,294,0.02025191475903349,26.358272429159346,29.183777363873524
3,295,0.020233993850914494,26.360235629405114,29.185760301995362
3,296,0.02024291276133486,26.365710838043942,29.205465994645493
3,297,0.020301544074235216,26.38219706539778,29.169707454455438
3,298,0.02028134132602385,26.37231426083661,29.192850116237945
3,299,0.020310554753190706,26.400680167243834,29.25266443312376
3,300,0.02023078434701477,26.397665449437945,29.204401953295132
4,1,0.2984634627803014,599.8648266381396,577.7469539841709
4,2,0.09152841940522194,595.1942935247937,566.0071309053109
4,3,0.06615300505207135,50.360550631979905,62.514039767328455
4,4,0.05839028897193762,46.02426798979123,55.63562812539343
4,5,0.053247174176459126,41.385973755964535,52.259466510201165
4,6,0.04994290307737314,39.396649290899,50.97213167595947
4,7,0.047808631179997556,39.16934598280576,48.505659043581225
4,8,0.04582194367853495,38.185194919486804,49.41404736083559
4,9,0.043751201807306364,51.902509274606956,60.851018161308474
4,10,0.042508636243068255,33.840049003551385,44.135935946208676
4,11,0.041052487607185655,34.998436422529586,42.63038189984365
4,12,0.040821352400458776,34.111872086066285,44.98612085535136
4,13,0.040009455325511784,37.78141324935791,42.70924797456854
4,14,0.039123171797165505,86.77340259055097,88.69350760323661
4,15,0.037458471344927184,40.97412231307708,40.57564275522265
4,16,0.03700895528667248,40.21040870192534,46.42903019576123
4,17,0.03795055643870281,32.309883653998135,40.660262676066225
4,18,0.03645289449307781,31.15859582357273,38.14807571185175
4,19,0.03522774089987461,30.221829883799046,38.5822514590486
4,20,0.03398247295990586,33.03133549193342,40.1420529063155
4,21,0.03370260504575876,29.081891884545765,36.98827034754205
4,22,0.033348257617595106,33.87993173704358,42.96391893845402
4,23,0.03286062485466783,35.28953555733981,45.4444023391511
4,24,0.03288120131653089,29.113544052015087,36.81821931114595
4,25,0.031768041053930156,27.49839925383757,34.748935975264175
4,26,0.03174649830907583,30.121489064129655,38.169281766805085
4,27,0.031958015922170416,34.62693197096517,43.166956818477615
4,28,0.0312520988070621,28.1628348237288,36.1597506891975
4,29,0.0311243048009391,27.618250282470115,36.094176757626414
4,30,0.030902644870086357,29.03464410837762,34.80445078939511
4,31,0.0316709282879646,28.043873116344155,37.032291847654335
4,32,0.030296145365215264,28.13792123440989,36.035039104235715
4,33,0.029934269268638812,40.32709886363609,47.71897057789128
4,34,0.029572152819197912,27.94146416803639,34.06085138619984
4,35,0.029495781753212214,33.423675285790395,39.00606871149681
4,36,0.029137773367647942,27.865213029728626,36.93924626074602
4,37,0.027738046975663073,26.23582668916018,32.0016707709442
4,38,0.027779377352159757,26.079530453514717,31.836470241746007
4,39,0.02753295534505294,25.247401865546355,31.531279869611254
4,40,0.02725771750108554,25.47497854383293,32.14166427240139
4,41,0.02707576647830697,25.687435126495743,32.331159594997715
4,42,0.02691325505908865,25.745047067353624,31.481793519927233
4,43,0.026839430515582744,28.714833366608094,37.6613938368156
4,44,0.026840063850753583,26.05023229289389,32.753436713268535
4,45,0.026612702578019638,25.169308770873503,31.364912165997335
4,46,0.026294937500586875,28.872441368733714,35.14235315754854
4,47,0.026341345483580463,25.285915272986006,31.718426116252196
4,48,0.0262481182670364,30.947546844253083,38.64726002124959
4,49,0.026111166422756817,25.741844676061717,32.06387627830904
4,50,0.026024943540016048,25.18579677051915,31.913422275503336
4,51,0.025773704410172425,25.225169078142706,31.975007186783316
4,52,0.025867400046151418,28.965744185782146,34.21391949005659
4,53,0.02574014588474081,25.735144480674684,32.20061142353231
4,54,0.02547513758047269,25.532822778325283,31.647146274819193
4,55,0.025422645482019737,25.602330494619803,31.267537273181023
4,56,0.025327756965103056,24.823895226499598,31.565712443627547
4,57,0.025456079926628333,27.093438064168115,33.75753841333688
4,58,0.025280341900025424,25.04124770661394,31.045696780241325
4,59,0.025131791113660887,33.64559853578617,43.56519274096871
4,60,0.024995679644724496,25.45618538029925,31.926869781175142
4,61,0.025084304265104808,25.848841532198843,33.449787276131765
4,62,0.02491468470543623,25.732240563643003,31.026387822752632
4,63,0.024961128150327846,26.614511384037073,32.68636255563344
4,64,0.025788498075249102,53.714524549090555,53.47857338376992
4,65,0.02542062784330203,25.691039896799712,31.100610922437927
4,66,0.024963363646887816,29.949478867058765,36.27983789743031
4,67,0.02474676169311771,32.54850586908375,37.862986368584714
4,68,0.024102771941285867,24.38180707750435,29.665768988871825
4,69,0.023933284307041995,23.984982598998503,29.598464291270187
4,70,0.023862896522936914,24.54707565073499,29.940747742868883
4,71,0.023775354923250582,24.54647554842408,30.502171798865554
4,72,0.02365128918049427,24.319552115304674,29.495641316270994
4,73,0.023571424544430696,24.045222104073527,29.640053320429466
4,74,0.02358484923696289,24.3487941858047,30.042540035181343
4,75,0.023402930344813146,24.20094626903056,29.747263233836104
4,76,0.02331105820261515,25.173695377930848,30.243682635370448
4,77,0.023273913118128594,24.39048073740904,29.834839116405526
4,78,0.023371313268748615,24.64556366169381,29.700455220318837
4,79,0.023199058925876252,24.395612315090002,30.007588203775757
4,80,0.023135775270370338,24.390632253013298,30.39623786514229
4,81,0.022892221844253633,23.915870540366623,29.311838788022563
4,82,0.022825836562193356,23.947217827569506,29.441493994682922
4,83,0.022808196023106575,23.978266311312964,29.062373038368357
4,84,0.022738064388529614,23.701455019399493,29.12417048942752
4,85,0.022727279888036158,24.195390572767696,29.7194670035864
4,86,0.022623543340999346,23.86404641071159,29.219334672137006
4,87,0.022611859039618418,23.874994319880415,29.32641938837563
4,88,0.022604932077229023,25.567462618221978,30.92651601784736
4,89,0.022623150681073848,24.134331293120415,29.26505898930885
4,90,0.022538076513088666,23.983344445008793,29.373969287407107
4,91,0.02264017264287059,24.02715491412398,29.16801413426416
4,92,0.022478480751697835,23.929427857031087,29.48286362226001
4,93,0.022412939391170558,23.685432443518437,29.090614614586382
4,94,0.022404957097023726,24.146701502298306,29.236279630494867
4,95,0.022357860257705815,24.582636113635047,29.983104197405773
4,96,0.022368457920562763,23.773044359468983,28.94457708418577
4,97,0.022299595499554507,23.892689934235538,29.002857975843476
4,98,0.022402158472687006,24.60701853908852,29.510684265907635
4,99,0.02230821646606693,23.758256295042667,28.830008772607464
4,100,0.0222380285939345,23.71766515580829,29.027508340230803
4,101,0.02219854871957348,23.81298959207439,28.91216464491256
4,102,0.02221472145846257,23.84794609651776,28.823802539280482
4,103,0.022225066374700803,23.790268454976932,28.666823948717283
4,104,0.02219650994699735,24.238950432541376,29.625667930895442
4,105,0.022098959495241825,23.83190401140339,28.933750478232778
4,106,0.022057754632372122,23.67930571278016,28.851638558018912
4,107,0.021973153504614647,23.68184543754868,28.686298533183773
4,108,0.02196312344704683,23.88164732140864,28.814265413982113
4,109,0.02191706671594427,23.935299716874926,28.8639290606934
4,110,0.021902985835018065,23.682027670926225,28.598306592748557
4,111,0.02194754360243678,23.78427433179232,28.97444151835159
4,112,0.021918141068174288,23.872265523922945,28.731861489990447
4,113,0.021871549937014397,23.714423167203854,28.711630402541743
4,114,0.021871739640258826,23.682050226924414,28.729265193075253
4,115,0.021863520396156952,23.86670128353134,29.033905813502933
4,116,0.021829591777462225,24.662204878602573,29.71221294469534
4,117,0.021875749736164626,23.67127576106058,28.528787592977597
4,118,0.02182262698904826,23.874741826841014,28.76911070953263
4,119,0.021788634180736084,23.76155407598358,28.852779298709244
4,120,0.021787248229464658,23.875615485326083,28.773361119659103
4,121,0.02180542041046115,24.032844129210723,29.109870628197434
4,122,0.02173550957097457,23.679738341448065,28.652890760308775
4,123,0.021690901691237323,23.72548859809826,28.68486937745523
4,124,0.021713292154555138,23.71769569954557,28.534693232812117
4,125,0.0216995940472071,23.79723379929701,28.62573915740754
4,126,0.021704214696700756,23.683264417375973,28.387538032664654
4,127,0.021732653168818124,23.657259601868226,28.62035900541299
4,128,0.021672249377633516,23.72543913974074,28.75988965250474
4,129,0.021591313219127748,23.779193626138156,28.888987846906176
4,130,0.021619909192220524,23.551618822829756,28.6202936471547
4,131,0.021628455366366185,23.597717953588297,28.495849858593026
4,132,0.02159050626393694,23.587324401897515,28.493367185160672
4,133,0.021543479452912625,23.685738753938008,28.415426908885145
4,134,0.021593915585141916,23.717407506549048,28.896472123441796
4,135,0.021583485058867015,23.613661681841275,28.373460932475766
4,136,0.0215514307984939,23.59553627451818,28.50100657167335
4,137,0.02152911262013591,23.65728409519654,28.575849087811513
4,138,0.021476727767059438,23.632015059132854,28.378952960104062
4,139,0.021442003512325194,23.66351548691312,28.72884137954446
4,140,0.02149233415436286,23.693649539608277,28.647187119992353
4,141,0.02149021256571779,23.832766678624736,28.71109556736431
4,142,0.02143567718135623,23.76815974306248,28.74844441098203
4,143,0.021445156612361852,23.52851941566429,28.488012011458235
4,144,0.021412465398987897,23.816910278582142,28.68116423311134
4,145,0.021415400963563185,23.602247279846598,28.341856261994366
4,146,0.02142319602605242,23.669525599312447,28.53925577356425
4,147,0.021368995129775543,23.59829134405973,28.551859745995923
4,148,0.02134174033283041,23.425623749444384,28.445760005857885
4,149,0.021413936781195495,24.070010242337933,29.001198977958865
4,150,0.021414135690205373,23.62318367279603,28.505920941821373
4,151,0.021338025072159674,23.69703503911624,28.634274834955196
4,152,0.021337218224429168,23.5617803159601,28.49811404424262
4,153,0.02133014454291417,23.768757467637798,28.741523367187288
4,154,0.021316130323192246,23.815766655610414,28.733971064099038
4,155,0.021254519931972027,23.600621491610884,28.550662951186975
4,156,0.02128203961854944,23.555558148510233,28.354543210737383
4,157,0.02123563253105833,23.623961374611557,28.489349624421124
4,158,0.021266600403648157,23.66528616997904,28.690220743106217
4,159,0.021295002948206205,23.748173676177352,28.557194573538645
4,160,0.021213103229036696,23.499609726105998,28.368201265767063
4,161,0.021294530839301072,23.512987747459945,28.334611680034147
4,162,0.021245241738282718,23.532919171577944,28.317924187158457
4,163,0.021178993933762495,23.517875067815034,28.38771577828437
4,164,0.02124016431088631,23.56266704040443,28.447646576353065
4,165,0.02125092438207223,23.614242386722374,28.495089923047853
4,166,0.021185826653471358,23.5609523264583,28.397397529788133
4,167,0.021263482980430126,23.525753744499,28.37028682190367
4,168,0.021205258555710316,23.614695129867545,28.463815007890975
4,169,0.02122385699588519,23.591707427420452,28.372474411223408
4,170,0.02122035572448602,23.635575656900425,28.514336406561554
4,171,0.021193559245707896,23.624880344571476,28.404953740615046
4,172,0.02123751498472232,23.60719334147497,28.417132653425796
4,173,0.02122126852806944,23.594568182925183,28.378521769719672
4,174,0.021200417791708157,23.52174569203524,28.38046022408515
4,175,0.02119389996648981,23.615842999700075,28.41748306061748
4,176,0.02122284683327262,23.65991948016421,28.451081418824945
4,177,0.021171798177350026,23.53920190284152,28.357986234206354
4,178,0.021196435348918803,23.605595196655134,28.441259483842483
4,179,0.02118775835977151,23.59662411757605,28.354808342166063
4,180,0.021161453404392187,23.60575852711836,28.3975447943817
4,181,0.021165804507640693,23.538653590636166,28.38857507871834
4,182,0.021119937264861968,23.568423284079604,28.3743590477867
4,183,0.021183077675791886,23.52642453923254,28.40588854746536
4,184,0.02112844604282425,23.634057509636353,28.465997669339597
4,185,0.021170052126623116,23.595768039474983,28.398838741023365
4,186,0.021147314709826157,23.59469690901005,28.361985495696914
4,187,0.021160960806390412,23.658048280733144,28.464518380912754
4,188,0.021172316673283394,23.584876466370776,28.379411956574444
4,189,0.021182804368436337,23.54386794961287,28.35445825397345
4,190,0.021165768078599986,23.545644018000257,28.394578515029536
4,191,0.021153537055047657,23.5359654637998,28.336805233971997
4,192,0.02113831165031745,23.585581569012277,28.34232350259708
4,193,0.021138080216657657,23.53827562563883,28.32348809258863
4,194,0.021179546530430134,23.569531886276597,28.30762680399293
4,195,0.021098179778514,23.544484727965568,28.366914038043404
4,196,0.021156920084299948,23.60877909748731,28.401615099624475
4,197,0.02114549931138754,23.62637070364847,28.37481473464168
4,198,0.0211832239650763,23.576027836254937,28.398372716604626
4,199,0.021139250316012364,23.612037977140268,28.38308793244046
4,200,0.02111427324752395,23.620297572416867,28.39057771503302
4,201,0.021120971355300684,23.56736860437718,28.350768451491298
4,202,0.021114661179196376,23.60222466770776,28.346954781003944
4,203,0.021166184200690344,23.598122538569456,28.41951464942108
4,204,0.021146792094581403,23.583976930989053,28.382412073088854
4,205,0.021149487879413825,23.588385843561742,28.42695127546995
4,206,0.021105321697317637,23.616559448485862,28.366109236607567
4,207,0.021168583144362155,23.5750173464089,28.40640778824012
4,208,0.021111701955445684,23.537531338139384,28.351620723976907
4,209,0.021201290011119384,23.57573661691918,28.374619078553096
4,210,0.021098207073429458,23.544742228870163,28.31039020325664
4,211,0.021186379214318898,23.618620347283883,28.360724605334344
4,212,0.021103805862367153,23.594054752098536,28.345195175463314
4,213,0.021159938178383388,23.59432811500553,28.358772400779593
4,214,0.02111572163322797,23.538724625994544,28.33678226271573
4,215,0.021100853569805622,23.568538847452174,28.42049635245825
4,216,0.021155432475587495,23.575413172015686,28.367132814919078
4,217,0.02115942666736933,23.54919304912219,28.37783671920723
4,218,0.021155789458694365,23.535660410214042,28.404851527994932
4,219,0.02117255383815903,23.566417046802076,28.35162616357571
4,220,0.021142142394987438,23.602191925407173,28.346429007393972
4,221,0.02108438413303632,23.59848514420236,28.406891141619003
4,222,0.021127837996643323,23.598225545429276,28.367444516889726
4,223,0.0211035180120514,23.601348665768732,28.36773299506317
4,224,0.02108651790051506,23.579721043009556,28.328814134365174
4,225,0.02115803914001355,23.55974759403355,28.379440576772655
4,226,0.02114914307514062,23.554998007231582,28.350429438547806
4,227,0.021183825384538908,23.574405666343672,28.364154436862428
4,228,0.0211212055471081,23.623345279502487,28.338280215911333
4,229,0.021062792028085545,23.55514007723164,28.336090779055287
4,230,0.02118334972944397,23.612595414589784,28.374870576094253
4,231,0.021102337489047877,23.585346596274444,28.38077552476411
4,232,0.02114077202545909,23.601972605517968,28.348204812106356
4,233,0.021146043884352997,23.612998906620042,28.38318094725393
4,234,0.021119766904471014,23.541747047690926,28.353198403680782
4,235,0.021155415640140954,23.597987338273462,28.378669645728134
4,236,0.021147120672349747,23.574951170322173,28.442120319459498
4,237,0.021104978039287604,23.574062164178592,28.344884902342688
4,238,0.021127916406840086,23.594268138518554,28.332307270595006
4,239,0.02115286295660413,23.57286082217115,28.38852151677999
4,240,0.021165570029272482,23.57441012761397,28.395714769795383
4,241,0.021122303791344166,23.60209484938868,28.422241732633903
4,242,0.02112766197667672,23.533467660327712,28.362779039123748
4,243,0.02113166809655153,23.613409923408216,28.418418256247914
4,244,0.021083628185666524,23.55039215470125,28.386398867032252
4,245,0.021173071617690418,23.570774314757102,28.382546554459097
4,246,0.021141088066192772,23.54580556498262,28.37936030863054
4,247,0.021118337646699868,23.561744924179298,28.37369551642016
4,248,0.0211423858642005,23.59447754014709,28.343697518006433
4,249,0.02113525798687568,23.553332768007365,28.41250498037305
4,250,0.021160343554444037,23.5592078283459,28.39646643462497
4,251,0.021099114074156836,23.61967324362489,28.373516305398443
4,252,0.021100161883693475,23.604338261670243,28.39878360070418
4,253,0.021124150568189528,23.62216299569201,28.395213000865763
4,254,0.021193931094155863,23.634945445285293,28.338895983812286
4,255,0.021118863951414824,23.565411162280846,28.32544688314511
4,256,0.021096082834097054,23.568680604139644,28.373073624401556
4,257,0.021181143462084807,23.605592038803444,28.37548337663923
4,258,0.02116068757067506,23.602881016616593,28.375056459513274
4,259,0.02114742138208105,23.55840985844274,28.33143912125963
4,260,0.021122266430980884,23.621129415317146,28.431891175512654
4,261,0.02112540968049031,23.545713368661417,28.33738322706588
4,262,0.021122520216382466,23.5671716142513,28.39736247311901
4,263,0.02108658291399479,23.572733492674473,28.38797778618045
4,264,0.02112756948918104,23.610449436910166,28.398571778672913
4,265,0.021048434401074283,23.60234407133951,28.413316361164796
4,266,0.0211222695115094,23.60679857561249,28.389814310372913
4,267,0.021097970195114613,23.58120258430202,28.34516652203603
4,268,0.021104542860904567,23.585629724548433,28.430788149817065
4,269,0.02110065591449921,23.580507332910756,28.38807951033323
4,270,0.02115423049634466,23.581023951212245,28.397525597947816
4,271,0.021148357146347944,23.59802902509311,28.328130702108457
4,272,0.021125908547009412,23.5889799242507,28.366563381633693
4,273,0.021094098651351836,23.570123544317447,28.334458062042344
4,274,0.021111131323358186,23.525645724637712,28.373706172982992
4,275,0.021155994994422563,23.57708298288032,28.34201626661347
4,276,0.021114116677871116,23.63040842990837,28.356052807399205
4,277,0.021075673652096436,23.593713213303285,28.392692030929936
4,278,0.02112449838135105,23.627420612112555,28.39645168424068
4,279,0.021137129193028577,23.54206523747148,28.32132623253799
4,280,0.021102355148356695,23.59747380818537,28.402256826075114
4,281,0.021127584784363326,23.576665975765618,28.30221843054901
4,282,0.021138232631179,23.61627806248311,28.30566627223317
4,283,0.021119815476525288,23.585635994622606,28.313368946833062
4,284,0.021113820911313478,23.577145952977734,28.338451890579915
4,285,0.021106155804143503,23.527765138832507,28.353392252107945
4,286,0.02116356944092191,23.53940418679155,28.401034488079855
4,287,0.021062972812125318,23.545974932237712,28.3427310604667
4,288,0.021117438275653582,23.607794302140544,28.389242364969817
4,289,0.02106905388287627,23.59487941687953,28.3229842833941
4,290,0.021101920399814844,23.563844797725906,28.369778041640224
4,291,0.02115366095677018,23.578198086283727,28.37064785907493
4,292,0.02113017117461333,23.530662323286634,28.35873490841962
4,293,0.02110658410506753,23.586985218978835,28.34817846477655
4,294,0.02108250017492817,23.59552266184457,28.38228817517749
4,295,0.021082820979735024,23.60580072875969,28.41783341796556
4,296,0.021089920630821817,23.55528693232603,28.35683918663849
4,297,0.02107437689287158,23.57675732066015,28.378735542297363
4,298,0.021119421885277215,23.583492407459534,28.381684798396837
4,299,0.02112210147942488,23.59605547230325,28.359145536655333
4,300,0.02111488075640339,23.573053378141477,28.352107074617923
0,1,0.029642480611801147,22.81814629313855,31.486396626728336
1,1,0.020750734372995794,16.310554405234075,31.860167181034953
2,1,0.026486739888787268,22.453384523654204,33.16952954601328
3,1,0.022408673969598916,17.235584043045627,31.839442798069545
1,1,0.030124190845526755,23.27161829892327,33.590568446116166
2,1,0.037178823910653594,30.81325005872534,32.39986908809649
3,1,0.02995912845318134,23.476157902482342,33.67937954959138
4,1,0.027029049966265175,20.659151265640297,32.50692529379283
0,1,0.027574620582163333,20.936915600588577,31.64337834082414
1,1,0.027497074799612164,20.524093001284065,32.9435769356917
2,1,0.034699278883636,28.389305335228595,32.64849050701287
3,1,0.02742653712630272,21.15832649036608,33.241608480127844
4,1,0.024828423910281238,18.715392771847025,32.19788357937377
