0,1,0.08905656335198066,46.75994678022127,57.32082850094041
0,2,0.046378733378581026,41.565155171193055,51.1022376017288
0,3,0.03686597037383101,38.08145559865298,44.996715877945
0,4,0.033720350612632254,33.32929867444154,41.54664330033891
0,5,0.027341298494403334,32.58466433818778,41.126231735176326
0,6,0.024438432248478584,30.28389192864969,39.51497593657065
0,7,0.022536238422617316,29.809297949385066,38.59564239222829
0,8,0.022822189282371917,28.504880850702833,36.95324874505764
0,9,0.02151933571704748,28.018695163066823,36.57115288644717
0,10,0.01981511143755845,27.626132275406466,36.202554370468086
0,11,0.018922865581275386,27.329743919900544,35.59809455805124
0,12,0.01794461854098534,27.47342725608588,35.74333692012348
0,13,0.01705149419351735,27.02193412813761,35.52195233002772
0,14,0.01633960779078982,26.488931519762456,34.67520776609095
0,15,0.01639652499844405,26.52266795577475,34.65052774475842
0,16,0.015112536758269098,26.424830450731164,34.456799138298436
0,17,0.015253073080781509,26.31292752163633,34.52057753041231
0,18,0.01446570647584105,25.99442979456232,34.56863749234934
0,19,0.014411416455087337,26.152253616227412,34.78338068121402
0,20,0.013955155673267489,25.68712313034955,33.88625408797314
0,21,0.013990841583687474,25.592118122998407,33.68464472235703
0,22,0.013143352592702617,25.540284537114076,33.423521470525124
0,23,0.01301782940175723,25.297327541562513,33.414761539951016
0,24,0.012487005955666642,25.415580223175894,33.78774623339184
0,25,0.012938007670031353,25.46104462748993,33.81660539181806
0,26,0.012263049181042747,25.563808280291443,33.54259537819786
0,27,0.012442140067419545,24.93719511873582,33.08967763787778
0,28,0.012053502162664452,24.886529745940106,33.02233459725197
0,29,0.011710561261597004,25.130733516389522,33.002493479526
0,30,0.012367257276888598,24.966632863642022,32.90935932385381
0,31,0.011320178867952729,24.76754932090073,32.883141265098224
0,32,0.011229337992104278,24.733411421825316,32.77120250941154
0,33,0.010780193498993123,24.670023818329543,32.80888942392861
0,34,0.011112903668121859,24.79996213863465,32.893253570649684
0,35,0.010665508082390508,24.67242460762341,32.883027447225324
0,36,0.010747584815941413,24.702853459387914,33.105200458486735
0,37,0.010728442395867949,24.469503240189336,32.554212151504146
0,38,0.010486377572471445,24.696053839884826,32.48749677146353
0,39,0.010138513541526416,24.40415166571066,32.390537511180916
0,40,0.009910948495168916,24.37931527810938,32.18038035602105
0,41,0.01005648964994841,24.167608459928044,32.379759180421196
0,42,0.009721739498094063,24.376399787652037,32.52212524580208
0,43,0.009587494741109285,24.230364631204043,32.281360712616284
0,44,0.009269159408921207,24.373970941688775,32.486306770338
0,45,0.009631516480691393,24.433803385104277,32.482740779371625
0,46,0.009988967704967681,24.17255894205562,32.228832811428695
0,47,0.009466175000521947,24.35891616303203,32.21961891194254
0,48,0.009245349745139141,24.051809637604286,32.18706006538577
0,49,0.009391148130155423,24.09046482709865,32.24120533840166
0,50,0.00913475210968913,23.98021610467904,31.932746059803183
0,51,0.009259861094919457,24.024521726225487,32.06271995318476
0,52,0.00913818848890845,24.129512002311362,31.962678045345932
0,53,0.008936499002050947,24.128248189972346,31.96455854156707
0,54,0.008855776422106746,24.32923018066116,32.199580362034176
0,55,0.008672506252134388,24.25683476520657,32.2416010118943
0,56,0.008719070528803224,23.874194956980773,31.945832855610067
0,57,0.008588031590492888,24.0288848918202,32.07855585477078
0,58,0.008691198065538298,23.92341272311227,31.711498527992063
0,59,0.008715213503984904,24.260887856301963,32.40019132368241
0,60,0.014468782586680556,24.454531752939456,32.77799216047812
0,61,0.009104765877550975,23.871054103217734,31.888633287742163
0,62,0.008540262838571587,23.763646379886612,32.06749761727629
0,63,0.008372822993392632,23.704742003477158,31.775466727878158
0,64,0.007977853037035939,23.818809854118058,31.976501930050734
0,65,0.008309320287397977,24.13069548078887,32.15199912798945
0,66,0.00843517067418857,23.719551163973694,31.867793872381338
0,67,0.008554777675519952,23.821176591628976,31.907273558374065
0,68,0.008150404663121497,23.78233105171098,32.02035406325337
0,69,0.007981604520781812,24.061401223641365,32.051244446624864
0,70,0.008042892351196233,23.621114387644205,31.59001661593075
0,71,0.007965140298686245,23.898674704211807,32.07111801253794
0,72,0.007984708211469379,23.717984761333796,31.74681927684292
0,73,0.007925278311383656,23.7770520659054,31.729974512439156
0,74,0.008023361490235071,23.716329880651717,31.819217223323594
0,75,0.007860962010454386,23.750243260373708,31.649648722871255
0,76,0.007817729783710092,23.73207149373619,31.774021901320083
0,77,0.007843800127209926,23.607688736338105,31.687547339794943
0,78,0.007660042981363155,23.556141175200782,31.608217556717502
0,79,0.0075345063814893365,23.62685316409207,31.90109879796098
0,80,0.007896743767725473,23.62230741853945,31.717122448446027
0,81,0.007866980984214355,23.560462666217845,31.69247167700259
0,82,0.007666062574240972,23.469104436029614,31.579194426121198
0,83,0.007844763051252812,23.701832606305715,31.87413206499213
0,84,0.007497116219548678,23.4445121346048,31.504087463073198
0,85,0.007452206400392408,23.608868461991676,31.769276333187516
0,86,0.0076312998055734415,23.383801381068245,31.44474234065943
0,87,0.007552113664463501,23.367345627616434,31.368654048401304
0,88,0.007461040227843279,23.484754961667175,31.52873320031249
0,89,0.00749783134828745,23.485145331254056,31.525667662404555
0,90,0.0072402159672823145,23.518104099484876,31.638465713540853
0,91,0.00719161740694703,23.40869831873884,31.459796327331755
0,92,0.007344953414179723,23.471371177158552,31.411252166336006
0,93,0.007193805887998844,23.549528583110824,31.78772411944559
0,94,0.007050422496501018,23.463859482207514,31.384037021145172
0,95,0.007235839412632314,23.35324836437265,31.33449314031036
0,96,0.007217929936649109,23.54985912695888,31.69650444336469
0,97,0.007234407951314511,23.336312495300927,31.403226171221053
0,98,0.0070382324841127475,23.383239982037395,31.45019288511642
0,99,0.007205199482004074,23.668134922799766,31.688548998550257
0,100,0.007036162333943966,23.43808756237624,31.563496850508844
0,101,0.006974595815832304,23.1726556707006,31.273314924605632
0,102,0.006894814633679661,23.50503491530369,31.576010152437963
0,103,0.007023371443872086,23.411518473938674,31.428560300155798
0,104,0.006943912673953243,23.417626151576588,31.517724430934894
0,105,0.007170875847805291,23.29103751743541,31.320213929285988
0,106,0.006848172898488966,23.751114515284765,31.867869832374492
0,107,0.007026185969483446,23.28255574430974,31.351446088598166
0,108,0.0067643859550695525,23.388322379762325,31.44589907948564
0,109,0.006963217302902855,23.26664025395799,31.338977205628716
0,110,0.006648461953525178,23.171880653572742,31.306665583354672
0,111,0.006903665034439076,23.268842258255376,31.38023700614424
0,112,0.006793160975741392,23.382112426328824,31.491657079304552
0,113,0.006098596421493726,22.956227144980513,31.02732977385305
0,114,0.005817284463608468,22.912624750995306,31.089992647802372
0,115,0.005750970552484928,22.87140611670009,30.98642467538654
0,116,0.005781165620481426,23.01429358733154,31.24055327604872
0,117,0.00570660550147295,22.943754116969124,31.157713620920216
0,118,0.005896761002738706,22.944731949109933,31.162970551214983
0,119,0.005778499995358288,22.91323865697458,31.088334945851503
0,120,0.005640251829225401,22.932136039007908,31.150778730571894
0,121,0.0057051079321271654,23.032354148201463,31.2168911824243
0,122,0.005555517836579715,22.905844105568725,31.059620064725443
0,123,0.005716655056775463,22.94187764931715,31.155463607469088
0,124,0.005673584353644401,22.957765802380123,31.119340072525503
0,125,0.00576775646451014,23.012555882180028,31.23500067514825
0,126,0.005599444403990426,23.04796001779167,31.156326004852403
0,127,0.005479099639077586,22.888446359485904,31.08350490111507
0,128,0.0051327811009038915,22.862854504667762,31.071909077076132
0,129,0.005036410010440953,22.811706771900084,31.016414755312823
0,130,0.0053066176663957194,22.794945227233598,31.05784086400208
0,131,0.005166209845232184,22.805537210616272,31.050956398767877
0,132,0.0052887150139378555,22.804088805373564,31.067291163401322
0,133,0.0051071948546450585,22.84140831747682,31.087969708525762
0,134,0.005261349274819208,22.83536615338705,31.113468653648987
0,135,0.005109539070293646,22.85867826460142,31.09760624357217
0,136,0.005186654841633175,22.891810892362496,31.19979539731654
0,137,0.005129764674083245,22.811588346751915,31.110616851766764
0,138,0.005200348900292407,22.84131162925575,31.048487724742824
0,139,0.005244521299821578,22.858726065464086,31.073249261969057
0,140,0.00513501400233839,22.81607934554143,31.084566327337605
0,141,0.005135831640059637,22.892910663231845,31.12346267201759
0,142,0.005107950233981352,22.793427878185128,31.07064122854625
0,143,0.005111881203695454,22.80975666219388,31.102942647834272
0,144,0.0049861011529256675,22.83578099222744,31.108860924684212
0,145,0.005046556235439229,22.795944020409898,31.081587264762106
0,146,0.005000489549605514,22.820417753552896,31.068909128368524
0,147,0.004883252531395887,22.811137198576876,31.096736231747403
0,148,0.004915286130695181,22.80306050562941,31.10115953106498
0,149,0.004953646201598035,22.84281703675082,31.146558449243418
0,150,0.004882118283686313,22.797430060726548,31.07588500843646
0,151,0.004897526502397589,22.830189144735105,31.128373170978932
0,152,0.00501057024071501,22.81486317649432,31.08740256140041
0,153,0.004973533730001443,22.808288335387683,31.11211584503227
0,154,0.004963680241913112,22.808851786138277,31.091284921360348
0,155,0.004961799888405949,22.793914438531473,31.088782813906253
0,156,0.004791045437080108,22.835505957421958,31.11842952788084
0,157,0.004924713768890466,22.79588001203372,31.07912816237074
0,158,0.004808453107464381,22.803620064959805,31.092290095751295
0,159,0.004861055357402868,22.821392955252044,31.114556187952022
0,160,0.004699487739179114,22.83206939944759,31.109645677360508
0,161,0.004895862228956751,22.819358506417192,31.103694236236997
0,162,0.004893088356104933,22.79347556066348,31.103136443094925
0,163,0.004887750401394442,22.807867444922767,31.097700067513497
0,164,0.004907468431735073,22.801091896621415,31.119311081823156
0,165,0.0047372419768097725,22.79237374013683,31.10547022038636
0,166,0.005021466616943309,22.80427236664254,31.110025020426573
0,167,0.004836286119164221,22.81277691699229,31.108840460561293
0,168,0.004801478419474072,22.788750584150268,31.106701387345584
0,169,0.004794163034107028,22.804678527954128,31.101088357719394
0,170,0.0047366603605703194,22.804053040524256,31.129003985002896
0,171,0.0046884142873089086,22.802280565034145,31.10380777000135
0,172,0.004725726662648164,22.810526234880864,31.100357580683372
0,173,0.0047658093495887115,22.8035625557586,31.112883381727265
0,174,0.00484945212056945,22.802657694552597,31.105916672882717
0,175,0.004861733137989755,22.805728038289555,31.109036237935985
0,176,0.004892612381478433,22.81329417806183,31.1248245089727
0,177,0.0049634640718894925,22.79161845853997,31.093605370471703
0,178,0.00474372168272649,22.799704316578108,31.109029306351932
0,179,0.0047615398388271305,22.781493667500243,31.10261649121806
0,180,0.004713175511410968,22.804383099285378,31.121158305776245
0,181,0.004748713373291222,22.80149103860954,31.123379469748574
0,182,0.00483487561525015,22.802296200013078,31.129782497259797
0,183,0.0048210539574607865,22.82101373606487,31.130283688003594
0,184,0.004884080585642633,22.8170803603829,31.126163883076313
0,185,0.004714952207657255,22.81062354884758,31.112578717673696
0,186,0.004738881982947615,22.807501471578867,31.12964628133209
0,187,0.004767327572070909,22.79856115765225,31.110295295715332
0,188,0.0049045438327911224,22.797535723468425,31.12992804058753
0,189,0.004825624584389681,22.809663898804608,31.12262789463748
0,190,0.004791502711172639,22.792998033823853,31.109591545543605
0,191,0.004799462907778268,22.79200648436497,31.115298980619848
0,192,0.0047550095795569096,22.79698137181028,31.11108233455166
0,193,0.00471402620843781,22.80237126721643,31.125323476691694
0,194,0.004824067981892519,22.81420256357292,31.115319032702295
0,195,0.004627867453646931,22.806326388487765,31.128426262725938
0,196,0.004821419197304005,22.807487573178168,31.13570408704804
0,197,0.004715421467236328,22.815836850747104,31.122481872811136
0,198,0.0047832798551429405,22.79789527353531,31.12411480415158
0,199,0.004676592583895068,22.80228947644415,31.126096657344274
0,200,0.00487701519953341,22.80745644594146,31.1253832125913
0,201,0.004792648573956368,22.796083437942716,31.116277367395806
0,202,0.004813756425970827,22.813958662603966,31.134747073210075
0,203,0.004689393665599214,22.803048111163207,31.127058625636614
0,204,0.004717339854158292,22.806635377316326,31.12604734041965
0,205,0.0046910945304923434,22.816979171495536,31.1274332003311
0,206,0.004708560696930032,22.81347669655889,31.132312141644416
0,207,0.004766086830799891,22.80819085848785,31.12955939063627
0,208,0.0047277980087197975,22.805026467696194,31.125719191720677
0,209,0.004646999266697094,22.80240899180046,31.12905365083276
0,210,0.004747515729501505,22.805775592896353,31.125277723584855
0,211,0.004665130627637898,22.816466680447537,31.13494701917163
0,212,0.004729160663290796,22.81594546402202,31.12973958191556
0,213,0.004724318952701817,22.808684291311614,31.13111842717028
0,214,0.004854314706542275,22.817248560153075,31.130901986298245
0,215,0.004611597520786084,22.8009552155399,31.126162696798502
0,216,0.00478283841617998,22.801178233021272,31.128750633279623
0,217,0.004666309274563735,22.81848573808439,31.137257193854463
0,218,0.00467114950879477,22.813545484856338,31.128313672667183
0,219,0.004784599139714952,22.801940383383148,31.129056774365363
0,220,0.0048046640612566,22.815144520317393,31.132338628536317
0,221,0.004651463521771471,22.809633444337283,31.130888879091483
0,222,0.004709939332149754,22.80925337006064,31.127281316896763
0,223,0.004912697956156494,22.807570384447963,31.137592182757547
0,224,0.004676285699877719,22.817490029912506,31.130772588975752
0,225,0.0046303013673009855,22.806435751254995,31.13057897813644
0,226,0.004773935289862989,22.81548438063955,31.132348937855365
0,227,0.004719619588947601,22.79974634919612,31.13003784272729
0,228,0.004799770365934819,22.812140406621783,31.134322462181597
0,229,0.00482615618172779,22.8023521343317,31.13071569416166
0,230,0.004755656748205762,22.804526576533863,31.129550879009926
0,231,0.004618641666390679,22.815059567817766,31.127251688196267
0,232,0.0047502299527299,22.80807850930105,31.130794440412355
0,233,0.004715165557255122,22.81020557055424,31.132256994679416
0,234,0.004774165149270134,22.805466048445258,31.127038507096028
0,235,0.004822793977589093,22.806486696932968,31.12907432429882
0,236,0.004719596848272803,22.80095144374148,31.12874509897797
0,237,0.004641771848334677,22.811958087769348,31.128154389118897
0,238,0.004716975331327624,22.80781222709735,31.129140578080552
0,239,0.0046753649155355315,22.815373044937953,31.130924990783583
0,240,0.004696231621148234,22.798664316586557,31.13035672550002
0,241,0.0048112901462115006,22.80815320856431,31.130639463351578
0,242,0.004803286349422045,22.804970092014457,31.1279615176264
0,243,0.004668546639467505,22.796283120102537,31.12855799771352
0,244,0.004623950001339174,22.805652294604425,31.13000884205622
0,245,0.004600311984011734,22.797879262779,31.131218951753624
0,246,0.004774717193372039,22.81261654254887,31.13181115027504
0,247,0.004833140299359167,22.803152111574853,31.129100884294676
0,248,0.004656602443322878,22.816721918261177,31.12979266203239
0,249,0.0046533399092202835,22.807128208731285,31.13170422244986
0,250,0.004682494398862632,22.812976273285887,31.12830173013933
0,251,0.004623786204981364,22.81476952336651,31.129307424565226
0,252,0.004687251094517044,22.81538003951208,31.129835623897325
0,253,0.00467971593554301,22.805063187869774,31.129460657099813
0,254,0.00478270168109289,22.8013255035176,31.129058638516202
0,255,0.004783952169501307,22.804547238927398,31.12748483830628
0,256,0.004782994992142035,22.803296571784365,31.130252417787027
0,257,0.004705343982839788,22.809480618440567,31.132327641344236
0,258,0.004725131965559823,22.809051247204053,31.13129621598779
0,259,0.004670775648926131,22.813617163875936,31.131055029427134
0,260,0.004682445216034962,22.80491658106807,31.130039135338123
0,261,0.004733215189348398,22.80519323530494,31.129418574143784
0,262,0.004824078049172054,22.805207214140975,31.129012418540928
0,263,0.004866711247648875,22.81747044246502,31.128694281760822
0,264,0.004682937687241726,22.813571929519153,31.131899841986467
0,265,0.00474348880710419,22.81558929347662,31.12973473379421
0,266,0.004777773725271056,22.809586104637198,31.129052208691107
0,267,0.004820210028397428,22.810252583150632,31.13103932038417
0,268,0.004661985834404318,22.809297201542705,31.13294234093058
0,269,0.004656639720038088,22.81166248915517,31.129525784416067
0,270,0.004708719984839924,22.809099285660317,31.130913867352316
0,271,0.004734585511455821,22.809440145855543,31.132545045859306
0,272,0.004626761333466592,22.809235678412097,31.131447850204097
0,273,0.004640604641860013,22.805221885545855,31.12881497472836
0,274,0.004690540957116437,22.803732206664694,31.13142777153839
0,275,0.00470355827498927,22.811685992359703,31.12981740605956
0,276,0.004633620087671178,22.80585839921628,31.1317413692275
0,277,0.004688362416345626,22.811267818546625,31.12945990778428
0,278,0.00478121508653699,22.812999368538907,31.13160005928332
0,279,0.004705221593295309,22.817849195539743,31.13137751921544
0,280,0.004502214335264976,22.815517553408664,31.133011537146484
0,281,0.00475891449869695,22.81804053181183,31.131389343780093
0,282,0.004749860286458649,22.798888719205625,31.13014478716701
0,283,0.004741686303697696,22.804480990736543,31.130894930105175
0,284,0.004693850081159987,22.80854469310866,31.13117988433572
0,285,0.0047955919157671315,22.80441707640783,31.129052499445475
0,286,0.004738760180771351,22.81958800822393,31.13392177442225
0,287,0.004608144052326679,22.800597778653604,31.12903005486997
0,288,0.004759701873726127,22.809422684375804,31.131712423384396
0,289,0.0047291367425879634,22.8105230067428,31.130993048903836
0,290,0.004656072684817694,22.794070684373587,31.131848439937684
0,291,0.004772119618296115,22.814667279745056,31.13015334032969
0,292,0.004752448738806627,22.813287712710952,31.13169265374905
0,293,0.004807444024746391,22.81316236599919,31.129648893137013
0,294,0.004667057182153009,22.813969092798068,31.130557758052174
0,295,0.004755843917585232,22.81527980677397,31.133167220325006
0,296,0.004656723451758312,22.82014948232776,31.130603551033897
0,297,0.0048173342127649284,22.797535435963667,31.131651364967798
0,298,0.004703002323036675,22.809473234064438,31.132604462759836
0,299,0.004770226443228735,22.80866875368006,31.13051839157264
0,300,0.004725735518150032,22.810905576164746,31.12968223518611
1,1,0.09294784168087983,47.36817024098361,55.211007141485446
1,2,0.04473123689995536,47.671463817708634,53.071460989709514
1,3,0.038995344686923145,42.76258260043547,44.8192138206668
1,4,0.02958200067941901,40.79942992919269,41.10993722590005
1,5,0.028531567961908876,42.74615762233734,41.668852420634096
1,6,0.025263808856282054,40.46360752059814,38.65978998921889
1,7,0.02448803457561173,37.588435590840916,36.31111096505089
1,8,0.021856982107686846,39.56912319277697,38.674342926370976
1,9,0.0223707890586008,36.632273718316284,35.332424472848714
1,10,0.02033651228994131,38.406797983174656,34.34252818370115
1,11,0.019463577201660677,37.052822878144006,33.85070435261477
1,12,0.017363864692706097,36.198174971947694,33.13543409420638
1,13,0.01772493554302786,36.57597117832,32.86081296807797
1,14,0.01711519240531363,37.40468764477235,32.78014432927042
1,15,0.01674604829167947,37.061500099636014,32.74747300231083
1,16,0.01551517202884336,36.6069699828,32.1087505061452
1,17,0.015855952118865296,37.107246289151234,32.96860694885254
1,18,0.015071248564916321,36.892563467867234,32.16998667500991
1,19,0.015600394457578659,36.39990114400731,32.545621297085326
1,20,0.014084479317534714,36.15233063015708,30.883131834688086
1,21,0.013816206055823007,35.4403350354516,31.102718217032297
1,22,0.013677571310744256,36.453804259695474,31.287676661687446
1,23,0.013463251445961149,36.83716126533753,31.192343771665353
1,24,0.012922258658593968,35.00177681956062,30.22945693810227
1,25,0.012691880983766168,35.165753414159155,30.543757209379084
1,26,0.01281113122719564,35.4656504908985,30.746271585338206
1,27,0.012491179995616025,36.012245290419635,30.654093273840715
1,28,0.01250996702362465,36.56166917283267,31.234768631566276
1,29,0.011993681563983989,37.37433431237777,31.88929712980051
1,30,0.011516063776798546,35.71515504249277,30.057574780560536
1,31,0.011396715812432238,36.06936467216614,30.63381905173591
1,32,0.011359393231193476,36.17209703565281,29.7158546730201
1,33,0.010949141198557012,36.54490694757451,30.858994919248573
1,34,0.011001059237301727,35.2360673699787,29.512704332531122
1,35,0.010735076054697857,36.224047953432255,30.285291299587342
1,36,0.010174437190252768,35.00328427419306,28.624869376524817
1,37,0.00952076146827091,35.84382628253437,29.001405581364647
1,38,0.009184765258120208,34.88077983913575,28.498770434681962
1,39,0.00926227663655447,34.48891128072127,28.52206163373143
1,40,0.009484454058110714,35.35458114357556,28.762769208967892
1,41,0.009591891253484955,35.7950173477438,28.926425953775333
1,42,0.009290221318178162,35.37045045950833,28.887166317331666
1,43,0.009226140082825589,35.52473816642149,28.651575781327093
1,44,0.008914984467946276,35.21653995348171,28.667057731841084
1,45,0.008843899273779243,35.0306289100392,28.520757304666766
1,46,0.009013517918890412,34.72210533249187,28.351364461387075
1,47,0.00877576998635372,35.52537312788122,28.563128330150963
1,48,0.008757635892097708,35.38453067407251,28.430538243948376
1,49,0.008474151639244224,35.60724846131024,28.62153754417074
1,50,0.008760760625591502,35.28100520302267,28.474992240347515
1,51,0.007937955958886614,35.38680625153098,28.068900546961128
1,52,0.008023354607999703,35.414357433535834,28.230976638062906
1,53,0.007854583142678949,35.72916911355952,28.275974614279612
1,54,0.007989982756066926,35.73687984356906,28.263550261587216
1,55,0.0075001182092819365,35.3981307405839,28.12740287049722
1,56,0.007734539759451453,35.0897244644675,28.16843913905712
1,57,0.007854522494717112,35.5262846977953,28.155615118737835
1,58,0.007562244198980588,35.35302951565401,28.258776045011725
1,59,0.007516215390325347,35.609072744782594,28.16313013548635
1,60,0.007391076761996374,35.293096267730796,28.13173163144846
1,61,0.007626108430278829,35.32559495469466,28.138815230193455
1,62,0.007418495278711183,35.22390656037764,27.974457582945607
1,63,0.007513097228034388,35.45288052941389,28.059462754983937
1,64,0.0073194733431822135,35.55192467331249,28.015377636155186
1,65,0.007307986979139969,35.58097362888051,28.115148236942623
1,66,0.0071139762331319,35.73265778011179,28.08959481275871
1,67,0.007332200697281316,35.489639407555686,28.027090006173694
1,68,0.007401829762266407,35.545843113807436,28.00083306276009
1,69,0.007232476379486579,35.29304785970698,27.994112591294876
1,70,0.007158761791652068,35.81366466519667,28.15402680739293
1,71,0.007250290747166057,35.499294332514474,28.099189329645775
1,72,0.007246929138332982,35.48648513408906,28.037097372659822
1,73,0.006932236985126628,35.7286703043443,28.035543780708977
1,74,0.006862674828005742,35.51560794312686,27.995472658801994
1,75,0.006882694375235587,35.62264886055401,28.020854591077214
1,76,0.00681666644360823,35.54530008980297,27.98866523849009
1,77,0.007085580066365155,35.64695289823461,28.03254192132983
1,78,0.0069214284030979945,35.677340184431024,28.02065585299236
1,79,0.006934859330141091,35.60191917068818,28.060197986376824
1,80,0.006842800002777949,35.57433969974518,27.97285842563217
1,81,0.006904967311958346,35.661853312234825,28.03089695275868
1,82,0.006916857401168422,35.7121104334765,28.07127232501731
1,83,0.0069741073088083845,35.7645327909745,28.06050949728032
1,84,0.006869875366174722,35.636120967813994,27.999893663652266
1,85,0.006743964139604941,35.680820680939576,28.018607925454916
1,86,0.00702517624661515,35.69611100309035,28.015208192818672
1,87,0.006906229755074917,35.60279640870936,28.008538184681004
1,88,0.006817647155751533,35.66239565222021,28.028431663114436
1,89,0.006956534077047925,35.60778435628045,27.9935433042174
1,90,0.006791917124064639,35.732280187555816,28.042187165715553
1,91,0.006728024210167836,35.59105687625905,27.991601862558504
1,92,0.006793629628594352,35.62845362099734,27.991635480408885
1,93,0.006791044704474603,35.68287397463691,28.052553824846754
1,94,0.0067915481963206695,35.72411599796724,28.04323394124101
1,95,0.006876472430303693,35.65829415283101,28.035534022992497
1,96,0.006788329969902959,35.61110504967644,27.998252832100366
1,97,0.006654330546955896,35.65495731065617,28.028722178229888
1,98,0.00693097687621094,35.63877476581278,28.01161257647471
1,99,0.007102659107716401,35.65510401591898,28.018892329744347
1,100,0.006554049227270297,35.62432325249687,27.992013884753717
1,101,0.006802256230877925,35.71055113886767,28.034373539250073
1,102,0.006858213050173053,35.71144114018762,28.019469804464734
1,103,0.006763263976885171,35.597941346857,27.997788590421244
1,104,0.006704783326462854,35.62553781621597,28.00728649544799
1,105,0.006557358714053408,35.57753534674007,28.0110266466174
1,106,0.0066938999615892576,35.68142995043872,28.020292152511118
1,107,0.006594277104905135,35.65475475545873,28.014743524145995
1,108,0.006575170521258931,35.664918033579454,28.02090296263479
1,109,0.006671416307976351,35.653035438252004,28.018576284734213
1,110,0.006647842898382805,35.72005423492289,28.023217842553965
1,111,0.006595652733186755,35.71226701825698,28.03715937145911
1,112,0.006552048446021125,35.6926434249164,28.012048834292315
1,113,0.007038745469166131,35.684745151282634,28.012507375524436
1,114,0.006902176067468863,35.70465201834306,28.030786612307985
1,115,0.006883313372964039,35.69740057412316,28.01748730164372
1,116,0.006677772843903756,35.69721308175255,28.01228165377308
1,117,0.006780533532647392,35.706229834378085,28.024717244537033
1,118,0.006631442663978927,35.67637375389191,28.014923396426212
1,119,0.006600213856023701,35.66402548188194,28.00645155690688
1,120,0.006468433630652725,35.64634641058305,28.016907853116557
1,121,0.00669001315755746,35.70158336041445,28.014597123508253
1,122,0.006718376339000615,35.67034457316373,28.020438621268454
1,123,0.0067966747144826605,35.64431126863561,28.011586597987584
1,124,0.006679601593037383,35.67148785342507,28.01719840644544
1,125,0.006710134039167315,35.67700541644173,28.014481599322593
1,126,0.006576496335571703,35.690067251927076,28.01336868133279
1,127,0.006420631176803874,35.674008178838434,28.01527098579274
1,128,0.0064101779503347,35.71048124907489,28.019421162090236
1,129,0.006612351146538424,35.67936914757611,28.020159212969737
1,130,0.006668714975239709,35.67468254527944,28.01569500202086
1,131,0.006684583429058519,35.6776748602403,28.014697453701537
1,132,0.006450778669147174,35.67087451557425,28.016202273684513
1,133,0.006594811731218537,35.67632677931199,28.01480798521939
1,134,0.006694570071759481,35.665557336679754,28.013646845202828
1,135,0.0065182828286197035,35.66192857913155,28.020183812450448
1,136,0.006587613910389475,35.688397026572,28.018280444660252
1,137,0.006791566752038802,35.67916865004575,28.01167843483051
1,138,0.006604347065609845,35.66786975962593,28.008634919488888
1,139,0.006676516678372893,35.69641709875933,28.018141532193493
1,140,0.006620602338807657,35.67760354070102,28.016462890944
1,141,0.006784448576973209,35.66868238997332,28.01193913848558
1,142,0.006833642656337234,35.669939527282104,28.01824998024864
1,143,0.006767656695380618,35.66970428120006,28.01641419540299
1,144,0.006636826191804832,35.67028288528881,28.01530039518137
1,145,0.006743371649645269,35.682067657537004,28.01853265662642
1,146,0.0065380063002245335,35.68085268653013,28.020367771906304
1,147,0.006442413329370791,35.676224043535036,28.0185566745984
1,148,0.006694114077364719,35.71157728669478,28.020494052342006
1,149,0.006781780337796936,35.700031160607054,28.01935975642985
1,150,0.006801923934835941,35.6802976084903,28.016051566559263
1,151,0.006845952542145041,35.66935336468691,28.018729545513512
1,152,0.006733656554376777,35.68289496375915,28.017279880802807
1,153,0.006647728772574588,35.7020768810721,28.016585069250976
1,154,0.0064492596348724035,35.697932693473795,28.01543365039892
1,155,0.0066337388649117205,35.70023744080793,28.013799509520315
1,156,0.006474589728573455,35.678922342361616,28.013061569958197
1,157,0.0071248113048038905,35.68780450304562,28.017691088885798
1,158,0.006687440355367298,35.69408923954887,28.01571941209587
1,159,0.00683862458961674,35.69341050692421,28.01468620233835
1,160,0.006853145686909557,35.67710834161483,28.015190980160277
1,161,0.006660320236100049,35.67554365798114,28.01555166178049
1,162,0.006650827524452647,35.656743868532025,28.011906025717067
1,163,0.006682029371208782,35.67557412296693,28.01429864338466
1,164,0.00650095064900344,35.65959955332751,28.0172546699072
1,165,0.006754948548041284,35.7082806670092,28.01773149875814
1,166,0.006755346444117118,35.65791722185472,28.015782540683546
1,167,0.006456189411633377,35.68200172052026,28.017592278922475
1,168,0.006775715447302106,35.697501852168116,28.01613516425422
1,169,0.0065916220280282855,35.68298843767554,28.015552660314047
1,170,0.006791890517342835,35.663645686886525,28.015214735622607
1,171,0.0067583359542149534,35.66910314878678,28.019802342723885
1,172,0.006550656106983182,35.69733261711457,28.018593897802905
1,173,0.006510772889692195,35.69015012501395,28.017748118277627
1,174,0.006821422737469024,35.69271073596363,28.01675802656167
1,175,0.0065906690084375445,35.677896686926246,28.013997285623585
1,176,0.00677082005628868,35.675800614306,28.016669763505252
1,177,0.0067403855191284345,35.69555732298662,28.019804118817692
1,178,0.006559232149650401,35.72442080337096,28.022005931840955
1,179,0.006539184706214863,35.69104336366296,28.018325054687075
1,180,0.00646052232477814,35.69272986057608,28.015535510790887
1,181,0.0066235269349115555,35.67837668064444,28.0158917247626
1,182,0.006914820893420072,35.71544344450701,28.020815947329957
1,183,0.006874018390014579,35.669773295473924,28.017031342310357
1,184,0.006752038751787777,35.686072129234276,28.018358255512624
1,185,0.0064373384288046506,35.676005795295225,28.017753282075144
1,186,0.006575892644026611,35.66827521387906,28.019085370705103
1,187,0.006572988615194454,35.70467193725912,28.020575515069197
1,188,0.006826693445585574,35.70864726018141,28.01400640368046
1,189,0.0067627385812752605,35.6780801468992,28.0110655960721
1,190,0.006721236533485353,35.70666535882389,28.013875263493237
1,191,0.006548430010251984,35.70505711063344,28.012764716397594
1,192,0.006763912106663743,35.68269993302656,28.017192114520988
1,193,0.0067353692094359215,35.681185784059416,28.014628023220688
1,194,0.006606702969845714,35.69967959794131,28.01953187470652
1,195,0.006609921611379832,35.687551599007875,28.013991522041348
1,196,0.006714929349107455,35.67355667932786,28.018214154326543
1,197,0.006525524314257163,35.68178537019434,28.01430678284542
1,198,0.00677534040134353,35.66868779735769,28.015934495560384
1,199,0.006656390927213279,35.67160728360243,28.01492701507196
1,200,0.006855714373523369,35.67429437726577,28.017090176040703
1,201,0.006726303727283508,35.681946778552415,28.019176253873713
1,202,0.006871208707695898,35.67594009848202,28.019141526172387
1,203,0.006472906280497584,35.692878976990194,28.022515953210174
1,204,0.006788153095241589,35.666148950581885,28.019669909925828
1,205,0.0065877628250746055,35.68123091478399,28.01861624767556
1,206,0.006820897524586961,35.693176013071906,28.021372429585206
1,207,0.006613722725335179,35.67126772123225,28.02334062396857
1,208,0.0066336855363053615,35.66783682037802,28.018952535835293
1,209,0.006620006883351863,35.6890147040872,28.01789047161461
1,210,0.006762529327534139,35.67495885316063,28.022772481632565
1,211,0.006688633910085582,35.695578059538164,28.01742808910197
1,212,0.0067929601461827,35.67465311333457,28.015089892344193
1,213,0.006814484796899406,35.681432443889065,28.015168718344658
1,214,0.006633214440338219,35.68256803336628,28.016103442122297
1,215,0.006309516163310036,35.67602382152476,28.018875999317768
1,216,0.006929460688953912,35.6709533070498,28.017909561715474
1,217,0.006398590770844794,35.66901981384359,28.01681311039144
1,218,0.0067411429849983774,35.70421236804462,28.018437566657514
1,219,0.006547106188262188,35.67715952753383,28.017580223415788
1,220,0.006873897323384881,35.6865707578506,28.0160845962551
1,221,0.006671604759330991,35.662261637646886,28.01610782835957
1,222,0.00661645550870254,35.669514695463334,28.0165642213323
1,223,0.006672358818210756,35.68852084651988,28.017621979065474
1,224,0.006757958744994447,35.67960301924517,28.022587427278843
1,225,0.0065815797890536485,35.676995348037885,28.0175071094925
1,226,0.006594207686006646,35.663691310576574,28.01690263282962
1,227,0.0065215078736596465,35.67599648651592,28.015532222774386
1,228,0.006743608036703324,35.687906755865576,28.016177468183564
1,229,0.006576995754355117,35.69885018891829,28.018282310472546
1,230,0.006557603360852227,35.65005672424235,28.01757297449411
1,231,0.0066913539437647865,35.66387058094861,28.02027531035686
1,232,0.0066022733403251896,35.69524770547999,28.02000129845915
1,233,0.006628218230708868,35.671944465994194,28.017038265587146
1,234,0.006757763232092691,35.693096999561085,28.019504404234137
1,235,0.006672043341677636,35.683329138653804,28.020850189886858
1,236,0.006886238391405042,35.68958892210282,28.014793193298765
1,237,0.006638607593795544,35.68286512841515,28.017421984921764
1,238,0.006485611330010468,35.67307163343072,28.016922432371132
1,239,0.006617496220418547,35.67699977255123,28.018119999755967
1,240,0.006692618376109749,35.67851381964862,28.01929471883209
1,241,0.0067299163629171216,35.696299119429156,28.028176342568745
1,242,0.006695201655826237,35.697083721951365,28.017785524242015
1,243,0.006582851480409692,35.694632339605036,28.01853488131267
1,244,0.0065919998738490325,35.70004069868894,28.022873627599523
1,245,0.006566454004496336,35.69829541374655,28.018113591529765
1,246,0.006594980548171303,35.6911824648393,28.018349323538537
1,247,0.006938869151274992,35.694440377587306,28.013960069064893
1,248,0.006549003304135573,35.679741621081206,28.02017544537056
1,249,0.006567770992464657,35.695724316841776,28.02155376228306
1,250,0.006482837535440922,35.67875771210156,28.01632927186813
1,251,0.006652335188339783,35.70295740034491,28.01919041278055
1,252,0.00629413156192514,35.67636058649277,28.014954276201202
1,253,0.006753958962103234,35.70926084945546,28.023189719130354
1,254,0.0067950584925711155,35.68623385811872,28.017132189215683
1,255,0.006548628804739565,35.68244606517853,28.020549591410035
1,256,0.006588105212519818,35.685651697577,28.020724434470466
1,257,0.006473765602406067,35.69707203650857,28.015728206169314
1,258,0.006634860435099919,35.70279684360015,28.019380974852666
1,259,0.0065553296192348755,35.67964525796513,28.01901783095835
1,260,0.006525935931131243,35.674630703263105,28.021332729153517
1,261,0.006534654399545132,35.695190101702586,28.02103208581745
1,262,0.006868460663606094,35.707081327718846,28.023628818033465
1,263,0.006646987646110827,35.68437829910115,28.020384746976845
1,264,0.006531619066018847,35.69149522908869,28.02142672588601
1,265,0.006612307857722044,35.66448796675167,28.01724922698549
1,266,0.006709221667975564,35.71308698360933,28.019847461155482
1,267,0.006548698461036893,35.69896581772177,28.015257400087364
1,268,0.006733214506242848,35.687448482271186,28.018058032524294
1,269,0.0065092671650780155,35.69360735543909,28.019320697319216
1,270,0.006647657719440758,35.6836748900898,28.018265253990783
1,271,0.006475386769758372,35.69004504661509,28.02287661489294
1,272,0.006787212883841388,35.683023159644186,28.01659009847076
1,273,0.006828653637932826,35.66466332106667,28.019034664805343
1,274,0.006643510223189487,35.6733653364972,28.016573645096624
1,275,0.006662401894573122,35.66665288241789,28.016107612370615
1,276,0.0064883631583350365,35.689977434293475,28.01824163809055
1,277,0.00667239089578956,35.69646585178885,28.021128652818525
1,278,0.006722218581015551,35.692959134718954,28.01665326194896
1,279,0.006644876915489948,35.70004218976128,28.020744102757153
1,280,0.006675162515603006,35.676976477908575,28.014425076674087
1,281,0.006627815598739853,35.69078553385913,28.020062365183016
1,282,0.006695571072588238,35.70886397234259,28.020905383372558
1,283,0.006571545041626012,35.694832353285925,28.014726042332136
1,284,0.006671489664365219,35.70382814840837,28.019064343349445
1,285,0.007079164806054905,35.693448527994,28.019503339242437
1,286,0.0065861755062507675,35.66696348011813,28.01804911051893
1,287,0.006696004284946601,35.67961877527084,28.018525253189566
1,288,0.0066030422649994685,35.690482329748534,28.01613379355507
1,289,0.0067430682468546345,35.6941957283785,28.015252502122408
1,290,0.006598855025367811,35.716478687684166,28.017156391609007
1,291,0.0066012818118722375,35.690071723550396,28.01931072029087
1,292,0.006678362630449141,35.69447154762911,28.013727073470058
1,293,0.0067030965008690385,35.69239599736616,28.017614205124485
1,294,0.0065768448329424556,35.70905695089044,28.021590490374415
1,295,0.006583563954336569,35.68524479279544,28.01812213970809
1,296,0.006835144060322001,35.67620668379381,28.01739002520199
1,297,0.006734559666129607,35.69523938027295,28.01388788389412
1,298,0.006984314692642869,35.693944517813904,28.01694891095577
1,299,0.006683468901186805,35.705151222351404,28.018521357081077
1,300,0.006630354892695323,35.69668485098344,28.017555675440132
2,1,0.08827281137928367,55.368019471474746,59.43282347356816
2,2,0.041459106369299836,48.375050070526406,47.367643216761145
2,3,0.03383563211962078,47.762234883789624,45.963183373108976
2,4,0.02966550381833248,42.75195914452229,40.03177801657221
2,5,0.025535146046555445,41.8676190070056,38.67633162309068
2,6,0.024024343202737244,41.489874241330206,36.636703687262454
2,7,0.02833874495386073,40.9297172038927,36.30984503716127
2,8,0.021767842729858468,40.60468049180617,34.9840483748539
2,9,0.01992832879755604,40.27532825644957,33.82097585857537
2,10,0.01954367787190033,40.01872094530578,33.582039444288725
2,11,0.017610095621255987,40.4280294190853,33.59294877733503
2,12,0.017792912388450644,40.04224918960431,32.669144118704445
2,13,0.016812941718720987,39.82202968422426,31.956063765681993
2,14,0.016161565553773655,40.047607845341396,32.1880907696714
2,15,0.01583143307963449,39.71392828565125,31.498530600544466
2,16,0.015479561819864268,39.96258203173996,31.50936835485053
2,17,0.014920413441788615,39.72658563841374,31.151125273222707
2,18,0.014449554307156064,39.7765347139551,31.06846620646088
2,19,0.014437541794659716,39.738643943716625,30.71227715655071
2,20,0.013679092268595535,39.597645749083355,30.385121235864087
2,21,0.01352237935431979,39.91569915911473,30.345041241795343
2,22,0.013295579356340211,39.84363331925978,30.478070933644364
2,23,0.01264779782445913,40.971183766356305,31.331324271624098
2,24,0.012608095359978047,40.01349486254771,30.320239303004037
2,25,0.01302260025456715,39.62158373561474,29.98695021971593
2,26,0.012134903036481277,39.57438262449492,29.739441383175734
2,27,0.012216301938372382,40.04888273116646,30.14277683484014
2,28,0.011721678491514386,39.874268824026124,29.780743077241585
2,29,0.01217825815416454,39.8976893031269,29.58245313292181
2,30,0.01148111672988266,39.692869676362484,29.926596877466928
2,31,0.011454907378224148,39.52859297936116,29.461588882818454
2,32,0.011518865844674325,39.728285252282376,29.529192186814154
2,33,0.01159816292857521,39.64329023098727,29.33137136053956
2,34,0.01139321138956741,39.80283210999375,29.446558211323275
2,35,0.010995096741558125,39.51488022060569,29.325896691777565
2,36,0.010862699011340737,39.50375361836284,29.177049892704662
2,37,0.010810486014848679,39.790662587017096,29.15633194953307
2,38,0.010984646015162214,39.89801369063351,29.331316778468754
2,39,0.01059762260803346,39.770976099836716,28.958991706994354
2,40,0.010338412090256977,39.54898682515556,29.01133293391105
2,41,0.010304559297351674,39.60950306883646,28.930739618759954
2,42,0.009950036894571915,39.63860915122776,28.895849352514286
2,43,0.010012917937396953,39.978841391397175,29.25670891107167
2,44,0.010039834818394665,39.49609971527659,28.770496913364955
2,45,0.009936267431574256,39.4047156640149,28.65721347523068
2,46,0.009976488760333847,39.418898675201135,28.675834406543693
2,47,0.009507118373732554,39.826181346998304,28.673053829512114
2,48,0.009651073788324098,39.519059571432415,28.569370238207775
2,49,0.009456745249459917,39.55512173503911,28.506877973935328
2,50,0.00937260091932637,39.4257917439172,28.2971999454166
2,51,0.009370972291270102,39.47214623547475,28.4589684599368
2,52,0.009039038478323583,39.78437257294261,28.74146123048736
2,53,0.00944430675106437,39.45714546693574,28.41854972706439
2,54,0.00935823858056343,39.70264150986978,28.640124164807258
2,55,0.009426357873370138,39.38901607618419,28.231535989648375
2,56,0.00901119349079884,39.36877260645595,28.297670171651276
2,57,0.008782566451791967,39.54003628897011,28.40483010521334
2,58,0.008748435090934292,39.612137953731995,28.41651731916421
2,59,0.009110212870193332,39.62148397078208,28.312375278007693
2,60,0.00867185000267424,39.43123694603596,28.259044301634468
2,61,0.008795284041711553,39.4059178956058,28.342320143138075
2,62,0.008341995847484704,39.78334980010986,28.38446874485614
2,63,0.008501764491535304,39.72772530546976,28.317886078399233
2,64,0.00847457584223888,39.648833826047564,28.219054042669953
2,65,0.00831859971114089,39.77039758874736,28.443311910596044
2,66,0.0084271318893033,39.41026440366692,28.177116691443146
2,67,0.008346441704152005,39.372119810821815,28.128603393607854
2,68,0.007887015025016297,39.437553295520466,27.692333090180718
2,69,0.007396739447133594,39.332226326268746,27.63152058365453
2,70,0.007350922091288513,39.43521119388965,27.68561638523062
2,71,0.007259416118772192,39.43712176751653,27.685295802790943
2,72,0.007445820607244968,39.49073789929031,27.72025515393513
2,73,0.007316913764421525,39.438714025654924,27.705060036755604
2,74,0.007208125937855646,39.506275215498896,27.70794207044595
2,75,0.0071610093085367355,39.54098431823451,27.69552510457587
2,76,0.007508129918609153,39.576469867601304,27.777640467321415
2,77,0.007249759562480985,39.55756156816395,27.710684980664933
2,78,0.0068802314449436545,39.52075374848252,27.71145682218598
2,79,0.006919964546274938,39.50243324664755,27.653753169322265
2,80,0.006707335267676397,39.62760002941167,27.768286053727312
2,81,0.006557718977670778,39.67568911281201,27.646803171377147
2,82,0.006614205160628209,39.64987867862806,27.635199470387104
2,83,0.006485019632604685,39.56596321840899,27.592964315248285
2,84,0.006672213989404145,39.57301585521173,27.542786347326086
2,85,0.006410484264991926,39.66876274598848,27.574956196110424
2,86,0.0062864500743506305,39.62038682360168,27.61556872258203
2,87,0.006500294950026809,39.671858201333144,27.631083805801975
2,88,0.006617607820904657,39.663547300636225,27.615573956160596
2,89,0.006461049273107829,39.702550798818606,27.592887948199017
2,90,0.006356287355210339,39.7188012411835,27.64430719136361
2,91,0.0063914201508106835,39.77365661236124,27.65560859420989
2,92,0.0060002109286992735,39.75207137536565,27.616603901161966
2,93,0.006094106064921015,39.74400980538184,27.569917555885446
2,94,0.0061126013516626335,39.694861531038896,27.51680764919374
2,95,0.005980781258575702,39.77759502655869,27.61862720097399
2,96,0.00607564977095039,39.748822299712295,27.58666660229088
2,97,0.006123000452441446,39.77107653136647,27.612386253237307
2,98,0.006106064283404123,39.83358736825645,27.622877895209015
2,99,0.00607018264303549,39.759222258121596,27.60607283455985
2,100,0.005923447099754985,39.72371203221312,27.552787533205144
2,101,0.0060786491852592335,39.73810631463287,27.576008597317472
2,102,0.005929445209546706,39.805182159493825,27.610691961095725
2,103,0.006164300208388085,39.77097222039459,27.581959285802544
2,104,0.006015723660127835,39.801613149730436,27.580368967421794
2,105,0.006096096348352312,39.80182853838719,27.5868067957383
2,106,0.005972917757886039,39.797136677733256,27.575856451373483
2,107,0.005884723638425048,39.81013124973402,27.592832146621333
2,108,0.006112837761096405,39.83700773256634,27.602856853697773
2,109,0.005783665373272608,39.8598970185726,27.61041889290361
2,110,0.0056889765016902025,39.83839350184169,27.607739342214337
2,111,0.005865544472313063,39.80376414552741,27.57594011220367
2,112,0.005871947017613422,39.853278559063554,27.608000323332146
2,113,0.006166694411128926,39.85783647834708,27.626609624470568
2,114,0.005980121479317379,39.842060346340915,27.60031677206219
2,115,0.00578112704051512,39.85880567043199,27.616686618286558
2,116,0.005757218401413411,39.850487789539024,27.61179364267542
2,117,0.005617233895790878,39.866326235849925,27.618235523277043
2,118,0.005659013070961397,39.834735492391324,27.596673676361192
2,119,0.005713002826871999,39.84561211997216,27.603077105944166
2,120,0.005794198982145512,39.83981888447333,27.59190115280683
2,121,0.006083506675415926,39.874476235065984,27.63086880042578
2,122,0.005783259920943319,39.82840773031252,27.608859889598673
2,123,0.00576967273556282,39.88827047085543,27.642258406516152
2,124,0.0059744562597924405,39.88187067049359,27.62380042391787
2,125,0.006049401639552599,39.84464850819439,27.606468935046045
2,126,0.00569900263376026,39.87711388124239,27.60894754622456
2,127,0.005724756905202116,39.874337558571355,27.618278993546756
2,128,0.005674703957073474,39.87288560079872,27.61290791641129
2,129,0.005760827339829856,39.867291805722296,27.605771978557733
2,130,0.005663942571813136,39.865422331083806,27.60236270751687
2,131,0.006018749697514894,39.85805346462705,27.61637246567198
2,132,0.00580128330444352,39.885388148596526,27.622187665945976
2,133,0.0057164294791690416,39.88252433461881,27.63178016250557
2,134,0.005792992840929145,39.86687780257759,27.61243286365416
2,135,0.005913069272895207,39.88072547912598,27.629404549814684
2,136,0.006009937459814616,39.88553754649031,27.625940871155635
2,137,0.005517672148292486,39.88699589475579,27.622252241659663
2,138,0.005757408752890952,39.87878817112074,27.62076626422098
2,139,0.005615426499522134,39.86870931047912,27.61396343450513
2,140,0.005755816316859943,39.89339947656754,27.623786341437896
2,141,0.005870129360118881,39.86089001576835,27.60758381521245
2,142,0.005568101311500153,39.88967474141252,27.616698228523706
2,143,0.005682568960519654,39.88314753891131,27.627243224752075
2,144,0.005710842558758312,39.8709873689424,27.611445217597776
2,145,0.005752553859872095,39.87741233405717,27.61425739215226
2,146,0.005727796921167861,39.877035385971766,27.62463437555559
2,147,0.0059139975974482764,39.88568276396585,27.616633471711587
2,148,0.005847027883707975,39.868873954912935,27.61613554406249
2,149,0.005473433080746719,39.8677142501971,27.620595365451187
2,150,0.0060448444061232415,39.883027024225356,27.61818730291174
2,151,0.005743487476138398,39.881800898280716,27.62135254796789
2,152,0.0056789775740020395,39.879014284676366,27.623936905678143
2,153,0.005712199665794379,39.88555857282166,27.620821770059937
2,154,0.005803034305991082,39.87096614312688,27.614613024615245
2,155,0.005660348838676562,39.87232354365358,27.621409276636637
2,156,0.005796889732168479,39.8818333757033,27.618759899604612
2,157,0.005725089539093583,39.87730555403123,27.622606008310353
2,158,0.00580349513277244,39.894761860698736,27.621153160254714
2,159,0.005715446183039399,39.88384060465962,27.624595130362163
2,160,0.005741605788908815,39.873749813464805,27.620216095489077
2,161,0.005795098952314054,39.89054488435798,27.62132125116807
2,162,0.005707901104594047,39.89737646820348,27.62519990940958
2,163,0.0057542240587220095,39.882077430585106,27.61870929339206
2,164,0.005676095907607775,39.89342526952061,27.62510213951616
2,165,0.00591430931320686,39.87843271307989,27.619628042294174
2,166,0.005827752079560675,39.89119746006957,27.624054451852725
2,167,0.005621091860315103,39.89462921597542,27.6221242299894
2,168,0.005770132120887048,39.88181449645156,27.621491051717086
2,169,0.00584918949648403,39.889776611328124,27.62471091871893
2,170,0.0057849563328612056,39.89116656102172,27.622950454206833
2,171,0.00582559399349107,39.89407816370693,27.62047708823706
2,172,0.005583459519247493,39.88429939375011,27.623303096053494
2,173,0.005716652509997065,39.88098207526251,27.622671644031378
2,174,0.005651558835708191,39.896201530946506,27.622390835127348
2,175,0.005723536765370308,39.894895978805124,27.62440082005092
2,176,0.005671362432291393,39.90020454476733,27.62698244799305
2,177,0.005702918727641527,39.88995118972358,27.62342510821512
2,178,0.005668588757012667,39.898575765277265,27.62746702586317
2,179,0.005708559620288316,39.875604605018545,27.626179851306023
2,180,0.005836223168403245,39.897895662500225,27.62691114505409
2,181,0.005640331597533077,39.87673985717493,27.62271364723764
2,182,0.005694826329754812,39.88784332275391,27.624657841925007
2,183,0.005706342847578311,39.89262130807299,27.62021325938793
2,184,0.005726252876096562,39.88191548618702,27.622333604699644
2,185,0.005759682501090712,39.88250155142688,27.62154774715676
2,186,0.005931561468804086,39.880391124410366,27.62098261869743
2,187,0.005679753540983695,39.886538895773235,27.620203873837035
2,188,0.00589043829129653,39.88764039835799,27.62142718045969
2,189,0.00569560388469378,39.88040767984653,27.622358043019364
2,190,0.005778527295405275,39.87514145527411,27.621891289222532
2,191,0.005937636745246974,39.88207432283174,27.622013140223167
2,192,0.005622075070114283,39.88025820495886,27.62275101665005
2,193,0.00569149445261011,39.88760926307888,27.623100968603474
2,194,0.005540003034736166,39.88299985938116,27.621604106982826
2,195,0.0057654352910984094,39.88087775904104,27.6222079905068
2,196,0.0060536896503022445,39.893040149583726,27.624210640113112
2,197,0.005635348211429762,39.8893050919979,27.62260093256987
2,198,0.0056498053619700875,39.886971667928435,27.622538636370404
2,199,0.0058057848965811934,39.88230303318129,27.622124246603935
2,200,0.005822312604803382,39.88294698907695,27.623625001010165
2,201,0.006129523035435175,39.896513965151726,27.624535949388033
2,202,0.005793274437820309,39.894843500469804,27.621498589731676
2,203,0.005919856411729301,39.893567890202235,27.621842402614366
2,204,0.005571728525160069,39.90296578888499,27.624902198538962
2,205,0.005702882068587488,39.89078818504964,27.619666852186782
2,206,0.005831873277202249,39.88127733283087,27.621970673471377
2,207,0.005731153872198938,39.895633163802124,27.621699605669296
2,208,0.005614980443098237,39.89483846786919,27.62212289251932
2,209,0.005796666840468062,39.89864394686638,27.62323791723218
2,210,0.0060619793052711845,39.888361652619245,27.623929975755537
2,211,0.0055937628970820115,39.890159006731224,27.62093538855842
2,212,0.005822452517707696,39.8841873273937,27.624213007684368
2,213,0.00559966714812045,39.89199124782457,27.62132002169247
2,214,0.005680644999812828,39.883849682939164,27.622674471825256
2,215,0.00585389214703876,39.88973487889001,27.621084671818007
2,216,0.005768544379283081,39.89082389621559,27.62058669598676
2,217,0.005972426206794348,39.88658128965885,27.62200317648645
2,218,0.005767119758019454,39.880726032082094,27.62511851812489
2,219,0.005663018561167161,39.88332925499032,27.62352581888126
2,220,0.005852780480126149,39.889621977849835,27.623026545454817
2,221,0.005597554083744233,39.8889244657044,27.625037239819036
2,222,0.0056024007943950675,39.89073798678337,27.62386937590011
2,223,0.00563870381637152,39.88636758611837,27.621960899140362
2,224,0.005908831378465958,39.89441540219368,27.62026197486638
2,225,0.005586067816305361,39.89327894438297,27.623182974625962
2,226,0.0058552277597217735,39.875008205098844,27.622248182728733
2,227,0.005903553866435972,39.90071977912833,27.624672025753647
2,228,0.005580647343644098,39.89018798618142,27.620460191254832
2,229,0.005689290655630358,39.891754509112154,27.621803785450368
2,230,0.005818830185643073,39.89458805399204,27.623876250994744
2,231,0.00568921276929111,39.90160574606799,27.622473994198575
2,232,0.005655895105008496,39.89051109803926,27.62313322240052
2,233,0.005770292823736587,39.90286426019231,27.62246756769639
2,234,0.005678506392797225,39.90302964831711,27.627306953124467
2,235,0.005600691563711407,39.88240923925277,27.622107367897698
2,236,0.005653147067112679,39.89916570120995,27.626088635846713
2,237,0.005567452326165826,39.89525954220273,27.62283522243699
2,238,0.005574008622572998,39.89786610209614,27.623480082388955
2,239,0.0057725725025775726,39.89484767563846,27.624538976556334
2,240,0.005894274989749943,39.90490553444678,27.62253338119294
2,241,0.005733726339795711,39.88674905934465,27.62232554498865
2,242,0.00555654307775032,39.890301655410624,27.625632051806832
2,243,0.0057083169715165085,39.88911189857973,27.622620855058944
2,244,0.005679180262233602,39.90086029122729,27.623033611616606
2,245,0.005949620013596134,39.89837423027109,27.625100109219968
2,246,0.005710522932614284,39.890958065067956,27.624410767173103
2,247,0.0058180015753912795,39.900876655928585,27.62348990822503
2,248,0.005759171048032768,39.88834130173429,27.623173496033672
2,249,0.005713461390748787,39.886119237077345,27.620059898921422
2,250,0.005814331918536277,39.887971505331336,27.623139600720556
2,251,0.005707667891825126,39.878569023762275,27.624017873292185
2,252,0.005813105133874865,39.87022113800049,27.622389291637035
2,253,0.0057070780325722825,39.88602163332318,27.62307648708596
2,254,0.00579965291963367,39.895226298340965,27.625779208405923
2,255,0.0057652919825292035,39.88317989909321,27.623995380534527
2,256,0.005783906180030582,39.89726014968452,27.623132916693073
2,257,0.005746235074266122,39.895192653761,27.624446451871652
2,258,0.005815395441827144,39.89328068374494,27.624523373846394
2,259,0.005789410228725899,39.89866656382149,27.62665804254884
2,260,0.005714800122476528,39.90033559186743,27.626815812512973
2,261,0.005904724895530803,39.885245158694204,27.623444317940635
2,262,0.00570888299327553,39.88655782402108,27.622594005970175
2,263,0.0056643012304152,39.89475794450952,27.62459279768143
2,264,0.005709350865145915,39.89277195886734,27.624122172697913
2,265,0.005793971438588721,39.89796031286957,27.624303070094943
