0,1,0.2090213975710113,0.09132023474544979,0.09651998120265971
0,2,0.07199503149746395,0.06705645969881242,0.07882505445010986
0,3,0.058888381029047615,0.06159884376185281,0.07243810355247936
0,4,0.053708376726362764,0.05864070135285857,0.06905312686249977
0,5,0.050889482676255995,0.05474918463946262,0.06915609832554537
0,6,0.04811576631192754,0.054080562218023015,0.06952759385991594
0,7,0.04640778126876529,0.052670040573829256,0.06888246104666372
0,8,0.04445601213814282,0.05160916796788773,0.06219407549381049
0,9,0.04397425505264503,0.04879403883711832,0.06272382017887013
0,10,0.04268150086083063,0.048464918388588234,0.06186462840136751
0,11,0.04106249901034483,0.04902084552943343,0.056877999031066065
0,12,0.039768366915423695,0.0479260869983752,0.05607853132180013
0,13,0.04303739858200637,0.04620674768546926,0.05856441494194265
0,14,0.04062010002572362,0.04746260540616745,0.05783142229276044
0,15,0.03830324565401164,0.04610440983540482,0.05723604589103614
0,16,0.0382411212137923,0.04637399037915563,0.056963032299737065
0,17,0.037165958411628154,0.04604592315752573,0.05616362295551582
0,18,0.03765669299244154,0.045341814350750714,0.05367768072370661
0,19,0.036488279495842574,0.04449581640962425,0.0519131727983935
0,20,0.03577963855662724,0.04434305586612195,0.05325924823196923
0,21,0.03516224499155835,0.04380608175827761,0.05318116138361472
0,22,0.03417996428452614,0.043364051483817154,0.052040632645427555
0,23,0.03429194060494987,0.046283240144633406,0.05124006064719024
0,24,0.03403499926917437,0.043010244505327554,0.049085486183780204
0,25,0.03284664056831744,0.04225602200293461,0.04914540861074517
0,26,0.033036897549541984,0.04460436817808975,0.04858114839067443
0,27,0.03281532116688606,0.04147679919333758,0.04812060846242963
0,28,0.03291415586704161,0.041109027546831614,0.04755451721350179
0,29,0.03206795490369564,0.04090699352897131,0.047966734970228596
0,30,0.03176875807708356,0.04045344455342772,0.04665804399300743
0,31,0.03180876440118726,0.04136829483021456,0.04786585439450857
0,32,0.03177514015810519,0.04068544087078654,0.04793991790987058
0,33,0.031401751880965584,0.03993151459151536,0.04615146672606261
0,34,0.031078543627589213,0.04043082341037791,0.04649589542065867
0,35,0.031173875214668308,0.04188191774272802,0.046543945587574395
0,36,0.030684941834429415,0.04256056327149909,0.04858559649762169
0,37,0.030506650008624646,0.040767539237990924,0.04552259356860811
0,38,0.030094832613519053,0.04038349398376559,0.044574860807910614
0,39,0.029571178528230366,0.03911314073890921,0.04431910259577767
0,40,0.03037471349192102,0.03889198771135493,0.04424115769785767
0,41,0.029560915694185872,0.039534003978711124,0.04533651060966665
0,42,0.029316999131768214,0.03958696974339066,0.04443230673034743
0,43,0.028946856332079666,0.03896640886931301,0.044452599739779164
0,44,0.028701821342110634,0.039343391699768755,0.04371743532423358
0,45,0.029034170163113895,0.0384681148486387,0.04346948471699131
0,46,0.02852318163325147,0.03941725950201425,0.04454792594011445
0,47,0.02864104314003049,0.039543959449735606,0.04491525166100118
0,48,0.028777667184973637,0.03884228754001732,0.042974943678034304
0,49,0.028160970839785367,0.03794217621509591,0.042634770215751815
0,50,0.028170909346422045,0.03856004522237767,0.04311321856849908
0,51,0.027531550833728255,0.037514243967449054,0.04208980640558727
0,52,0.027654627519773274,0.03790184363418046,0.041844284674639486
0,53,0.02759942341959331,0.03822649191150735,0.04338270834669834
0,54,0.027420287452092986,0.03869959946962867,0.042953269244642205
0,55,0.027777985010932132,0.041719612954309496,0.05453062113958576
0,56,0.026269417823996485,0.03533903785818626,0.03975586108668652
0,57,0.0245818558671489,0.03681551562610818,0.04026778185746603
0,58,0.024486493228412256,0.03523161304348191,0.03933696839179623
0,59,0.024289459353540002,0.03584764397820237,0.04074990828213272
0,60,0.02412535068465442,0.037060504967985866,0.041075002862860935
0,61,0.0242519578782887,0.03548586781799647,0.04096063005799616
0,62,0.02438551848527135,0.036230852882012776,0.039850907932434766
0,63,0.024382395056507935,0.035917052776258215,0.03948986504992749
0,64,0.024133465139240754,0.03615399999305224,0.040661558434237376
0,65,0.024217160123332245,0.036258138608191985,0.040299049585097134
0,66,0.024095059576921346,0.03570889525447537,0.0419863314766969
0,67,0.024254709414047438,0.03537465112172385,0.039833047550548034
0,68,0.023790671649139103,0.03622988016959803,0.039761168444172226
0,69,0.0238997403577697,0.035222635257611636,0.03959671463427955
0,70,0.02399325345801871,0.035759435867679205,0.03890044785361049
0,71,0.02410732972912672,0.035713941285270695,0.04019566059748574
0,72,0.023861387244811873,0.03663694507172911,0.04008772204068687
0,73,0.023755575121357675,0.03618442992792352,0.04000584058178011
0,74,0.024314482923506235,0.03674979234098369,0.0404626006838129
0,75,0.02443278156130052,0.03616461257640186,0.03972725468632548
0,76,0.02422998157307142,0.03610200470174698,0.04006230423895428
0,77,0.023769790579269572,0.034856474125969324,0.038381396254154654
0,78,0.023657141457788827,0.03604520522330925,0.03926743671155246
0,79,0.023870724684944968,0.03807754363632682,0.05038217985386009
0,80,0.024440573005959754,0.03642895275679154,0.04071576866395901
0,81,0.023959147494013715,0.036068625999466766,0.039169411820713235
0,82,0.023838633830409225,0.036721312502337684,0.04042338262205029
0,83,0.023781304520259543,0.035986430141324306,0.040281246442230946
0,84,0.023017123841294427,0.03494483596612318,0.03829914898017765
0,85,0.023040093345249573,0.03516842054501085,0.03857795142597853
0,86,0.02289756714570813,0.03547814251884582,0.040325475272557046
0,87,0.023259506560862064,0.03687664907384705,0.04138002919766546
0,88,0.023373690888103916,0.036075536367484576,0.039251850888730136
0,89,0.02262071045342742,0.034343957823675046,0.037696430891207076
0,90,0.02225624247476822,0.03456160784340822,0.03777157492572215
0,91,0.02233217104633407,0.03500912535107798,0.0385224878502432
0,92,0.022303109466120963,0.03608078295330862,0.03907460765426375
0,93,0.021768310198151484,0.03456331725585956,0.037935127474964705
0,94,0.022258835503967796,0.03459359804948426,0.03807087669648775
0,95,0.02184563693476886,0.03522058798316343,0.03849084971258449
0,96,0.02203772889404762,0.03434736240809835,0.03751982630713995
0,97,0.02202429720087022,0.03517108052395857,0.03851106266721512
0,98,0.022361591685472464,0.03482817674239913,0.038260694830078074
0,99,0.022208027859650006,0.03431867369165205,0.0375193897440043
0,100,0.022206665175717052,0.035911529513715026,0.038716864363267656
0,101,0.022208975378151346,0.035569927205987756,0.03841770348181293
0,102,0.022215217420059007,0.0357152258463304,0.038676753374082704
0,103,0.02229956203571907,0.03512271145479219,0.03820365026450427
0,104,0.022211285194427503,0.03511832743173554,0.0382327962056685
0,105,0.02214521449059248,0.035521315759837045,0.038661661960236494
0,106,0.02213560228758469,0.03504559920898324,0.038762496070423605
0,107,0.02192523675720866,0.03379050686714377,0.037041367372361626
0,108,0.02153435140484717,0.03475178818881366,0.0377641498802379
0,109,0.02196387901175313,0.034877271040073245,0.03762811167288948
0,110,0.022050450351543543,0.03435922959780773,0.03770473934969628
0,111,0.021897301986450103,0.034444059105419415,0.037707295223343665
0,112,0.021921508332214703,0.03503287049244648,0.0381488236290393
0,113,0.022156839009101797,0.035326112328968276,0.0385678717996341
0,114,0.021839261622872294,0.034622887683911786,0.03790322665566455
0,115,0.02191487677031901,0.03585090189580879,0.0385613117094447
0,116,0.02179961640206052,0.0357255191782146,0.03900311549781507
0,117,0.021751765706917135,0.03544823860497156,0.03870491902522405
0,118,0.021737652285615118,0.03467645107339772,0.03774464806989614
0,119,0.021227619633442017,0.035085793870577406,0.03771386842668472
0,120,0.02143945867513738,0.034846973057349594,0.03789001970652504
0,121,0.021211615922610935,0.03479310513106749,0.037723639801482085
0,122,0.021081624393601242,0.03489072572312549,0.037921683142409505
0,123,0.020400362111991498,0.03416289164433404,0.03712480469162248
0,124,0.02034240908829904,0.03448618023220782,0.03750094398207158
0,125,0.020774288580003308,0.03442648392266188,0.0373925656820112
0,126,0.02095844254760844,0.034567206318493617,0.03766891557256
0,127,0.021035278477228997,0.034840028627829055,0.03796943496808877
0,128,0.021067866760237915,0.034645550399882236,0.03764258387404452
0,129,0.021016942246294603,0.03429001020790693,0.03763521784261025
0,130,0.020819847085853903,0.034197538419625514,0.03728152174528571
0,131,0.020792899096793518,0.03462668693304899,0.037821335821876544
0,132,0.020889370293333764,0.03415051198272223,0.03719582706884536
0,133,0.020972209596415846,0.03445554981679088,0.03758829965447611
0,134,0.020993758697153593,0.03463744248976528,0.03744233656311181
0,135,0.02103151699028364,0.034635489747401264,0.0374483900235557
0,136,0.020750017246095147,0.03454497516023334,0.03753761801777816
0,137,0.021007998903259273,0.03492489174663366,0.03785812027609618
0,138,0.02039171696254393,0.034392366774257395,0.03728925384165726
0,139,0.020884388546663815,0.034361629891271846,0.03736859918263731
0,140,0.02057363803884605,0.03465864086871619,0.03757473526243445
0,141,0.020873330772013927,0.03449296009850771,0.03726835060501244
0,142,0.021127956896656898,0.03490486983278077,0.0373770544947959
0,143,0.021253866756834636,0.034644760224417814,0.03779319690975266
0,144,0.021274842753461223,0.03502680012735655,0.03809102639906394
0,145,0.02117770717183991,0.034456238013001954,0.03730033424063115
0,146,0.0213031694520174,0.034719760713914596,0.03768287537755763
0,147,0.021457142355601963,0.03471247683323565,0.03762126042270702
0,148,0.021426925708244487,0.03499002666673162,0.0379393403402137
0,149,0.021791958545402782,0.03534852289759596,0.037988879945038294
0,150,0.021842633396750542,0.03494276660943679,0.03796993860591995
0,151,0.021979172146174966,0.03519397539851939,0.03840867864156226
0,152,0.02192636290792285,0.03531253544706965,0.03832890610583776
0,153,0.02202817182079321,0.03538177218356412,0.038299012338606324
0,154,0.022000456478719305,0.03541966481418582,0.038145767239276124
0,155,0.02201359557760198,0.035214908150398835,0.03844448632661266
0,156,0.022139858068307726,0.03527842844371321,0.0385057735662479
0,157,0.022430899553000927,0.03560419345527014,0.03857256206343087
0,158,0.02215202193616367,0.03544487869901462,0.038501503351647474
0,159,0.022376919233399194,0.03579983988751786,0.03888082271928571
0,160,0.02225025945411223,0.03568814706252899,0.0384973981596192
0,161,0.022464968945558477,0.03594882576470519,0.0389118131853718
0,162,0.02275722885004631,0.03590897144579189,0.039292131417563984
0,163,0.022831271039094866,0.03622683819601715,0.03915172576813436
0,164,0.02260784118822435,0.035505331752501125,0.03900844605399445
0,165,0.02262619582981598,0.03593551773596123,0.039029216345152995
0,166,0.022627865236888572,0.03544680179257096,0.03911820785158707
0,167,0.02281883472531307,0.03585339849530486,0.03929456261080732
0,168,0.022450563270689512,0.0353937207497156,0.03840209628724678
0,169,0.022148299916851813,0.03538274810614203,0.03849210690395446
0,170,0.02239174545719856,0.035916741595117964,0.0389320348788585
0,171,0.022726601194136026,0.036074699699805916,0.03898230037986194
0,172,0.022706435675301204,0.035623263111690534,0.039035106317922216
0,173,0.022862252688444242,0.0358187436184167,0.039116321047216344
0,174,0.02281218801238915,0.035918265599325316,0.039113327218316986
0,175,0.022806386508774465,0.03573764072246713,0.03905935631578185
0,176,0.02282410235394065,0.035659895036301334,0.039073138208962487
0,177,0.022627907305410724,0.035741986747790166,0.0387529150586095
0,178,0.02248622343035006,0.03576844482499565,0.038939500675384174
0,179,0.02279071053262891,0.035742749761385216,0.039161553632351166
0,180,0.02287669014185667,0.0357326811181793,0.03896391993382044
0,181,0.02278594082085098,0.03568412856368282,0.039042815484937266
0,182,0.0227856069076352,0.03563607886538219,0.039149785940032385
0,183,0.02297196843911235,0.035773147750413896,0.03916131431814478
0,184,0.02258228238035993,0.03562037980977687,0.03862790505398545
0,185,0.0222896330467448,0.03549463040467184,0.0385118083872602
0,186,0.022278326109233425,0.03542420019592376,0.038417934141533924
0,187,0.02230077966048223,0.03546383434972556,0.03851728258777786
0,188,0.022404332531661523,0.0352495665797311,0.03866341281422651
0,189,0.022443287119996255,0.03539853499945303,0.03882481062375918
0,190,0.022641401556206912,0.03564253283075543,0.038952695637396194
0,191,0.02279670066313773,0.03568177967831511,0.03898628449671048
0,192,0.022812075140636143,0.03577882104913758,0.03908090510175203
0,193,0.022808312392998034,0.03585344370822985,0.039146451821440394
0,194,0.0228704436477728,0.03589200775874767,0.03919974706080525
0,195,0.022911953376378955,0.03590554042386121,0.03924459132336677
0,196,0.023019649837983817,0.03582672849161066,0.03926008516916103
0,197,0.023055350612394693,0.035894698980781764,0.03921862452806912
0,198,0.02302267411496581,0.0358692967538723,0.03919671851985857
0,199,0.023021198263982447,0.03582098159566067,0.03923359674560588
0,200,0.02292912301221272,0.035668479317346624,0.03922260420572155
0,201,0.022933473356249855,0.03572572752837915,0.03922573365400892
0,202,0.022981891067834888,0.035778787643199514,0.03923307915416121
0,203,0.023004624470159774,0.03589895807470449,0.03922894546106614
0,204,0.022996871482308317,0.03585251268927322,0.039235698227942616
0,205,0.023038186360059713,0.03591893268442088,0.03925189020871493
0,206,0.023068442690844942,0.0358460877779803,0.03913355277014007
0,207,0.022892733104526997,0.03555332401128297,0.03904186941696273
0,208,0.022727021879357535,0.03573269903391454,0.03897129727741671
0,209,0.022650333643868203,0.035710417173156955,0.03892073116690336
0,210,0.022631319194305236,0.03571866947807308,0.03888383851376872
0,211,0.022577294352941396,0.035715699667777406,0.03885069462869849
0,212,0.02256858294329992,0.03584083983895252,0.038828308674594456
0,213,0.02261967870702104,0.03555485744243067,0.03880070587977092
0,214,0.02258701647472818,0.035881082133886945,0.03880390048494323
0,215,0.022643498190474218,0.035811987154012924,0.03882252542425323
0,216,0.022622038655709928,0.03578833433639108,0.03876964948448362
0,217,0.022601470010491405,0.03540812115957085,0.03871747136492451
0,218,0.022512568569764857,0.0358175533722463,0.03874710040614788
0,219,0.022586068524638327,0.03547018086617319,0.03883104248926407
0,220,0.02267389503739229,0.03556791348985518,0.03888211437608099
0,221,0.022652652591648625,0.035475093331210704,0.03887010180758059
0,222,0.02273705890175046,0.035472865637178025,0.03894064647473317
0,223,0.022783620351153177,0.035640669198563464,0.039001726665459445
0,224,0.022839947762649235,0.035715843591798135,0.03904034784680252
0,225,0.022870717479324922,0.03563792423159794,0.039022571955667974
0,226,0.02286646851315731,0.035771166134775774,0.039078176836077554
0,227,0.022970017863482965,0.03564149570356832,0.03905736648506819
0,228,0.022971219701192726,0.03605649041942115,0.03910414775255873
0,229,0.023023519733148378,0.035897535110467886,0.0391701620026696
0,230,0.023010427495691835,0.03562431629879061,0.03911969201308302
0,231,0.022947815678468566,0.035717812379292224,0.03909361959217629
0,232,0.022918184764864968,0.035830481527134396,0.039110104469030786
0,233,0.022978344591470752,0.03580969975071804,0.039116315942789824
0,234,0.022943292721742538,0.0356536676461316,0.03911971213549168
0,235,0.022956541603113095,0.035674138622351616,0.039119373461822184
0,236,0.02291510983302099,0.03592807011080676,0.03912549766384143
0,237,0.0229064474427482,0.03577425254347378,0.03912955977489932
0,238,0.022923615761101246,0.035755003596654886,0.03914024454999053
0,239,0.022934096456482644,0.03563237466118202,0.03914736087988893
0,240,0.022947406055542026,0.03575087969119732,0.03915112187521279
0,241,0.022960049100220203,0.035884235087231764,0.039157953197688174
0,242,0.02300307679376224,0.035912884102499744,0.039175326708795095
0,243,0.023046267991204086,0.03601236250683647,0.03918230701367718
0,244,0.022985376281345764,0.035837130472109506,0.039130480336966415
0,245,0.02290745004557255,0.0357323107087896,0.03907904370593796
0,246,0.02291031558884353,0.03559423650140727,0.03903865367693353
0,247,0.022847525480135186,0.03583549254747865,0.0390359381058023
0,248,0.02294694532344981,0.03592786767152712,0.03907270576376533
0,249,0.023020398394181962,0.035795981560234474,0.0390990546122453
0,250,0.02303348995018296,0.03577161691537052,0.03910841757126594
0,251,0.02302271259448877,0.03591324018953557,0.03905440558345164
0,252,0.022986331545725103,0.03584212422716603,0.039057829800201414
0,253,0.02306468986974257,0.035883390318525,0.03909624949136574
0,254,0.023023388757393126,0.0357970255080233,0.03905621959863535
0,255,0.022984980378390814,0.03566139187977646,0.03905610722337139
0,256,0.023032012236554447,0.035695149838442256,0.03907593318588954
0,257,0.02297436232428725,0.03574556174150171,0.03909935212600003
0,258,0.022982763717087303,0.03573438586605774,0.039114633568591774
0,259,0.023040953410289635,0.035835337578358814,0.0391335993362688
0,260,0.02300175820000288,0.035841839493767465,0.03915231232612494
0,261,0.023059706862379865,0.03586601105806337,0.039176577659979304
0,262,0.02312931622855547,0.035733621376447186,0.03917448359901793
0,263,0.023037243634462357,0.03571668728476479,0.03910541714847295
0,264,0.022960854398949845,0.03569489907273188,0.03907773393865039
0,265,0.023040989663724493,0.03576305290395269,0.03904613119773956
0,266,0.023038565408347582,0.03580249188597495,0.03904076767858208
0,267,0.023044395510379862,0.0357351355534388,0.039036830991039294
0,268,0.023091184634079293,0.03604463413721622,0.03904510860879766
0,269,0.02310372096281953,0.03579250772361972,0.03906147279663057
0,270,0.0231651032979532,0.035791000040868916,0.03907450962201643
0,271,0.023157381566195952,0.03590724119627723,0.039091260717591135
0,272,0.023198056239180448,0.03573173713234682,0.039110238865043855
0,273,0.023199572682198955,0.03579547156958462,0.039134031541334005
0,274,0.023217308471297344,0.035942920009458895,0.03915713088528516
0,275,0.023205169340277592,0.035965884513743634,0.03916389093400086
0,276,0.023273531211222092,0.03579548302974202,0.03916866862854372
0,277,0.023236664080220026,0.03601767550426125,0.03917213581917801
0,278,0.023252199562947926,0.03598786275538187,0.03919057459132389
0,279,0.023263728064371318,0.03601002155647355,0.039206121327803316
0,280,0.023290812151461112,0.03614686290996197,0.039212801662445694
0,281,0.023381561926770503,0.03590639243050227,0.03922619752728669
0,282,0.023319557695308836,0.03597049919322078,0.039239933665595195
0,283,0.023341208832656463,0.03597393602824182,0.039252618840451024
0,284,0.0233326729886779,0.036103605429195,0.03926594308431452
0,285,0.023347241622282237,0.03616208776090208,0.03927800003504089
0,286,0.023400178974176327,0.03609880705401574,0.039285019474941264
0,287,0.02336559387877947,0.03614293951291013,0.039299795660433665
0,288,0.023339538744128332,0.036188649960881114,0.039313731088793026
0,289,0.0233803935030975,0.036124894171452857,0.03926971983424151
0,290,0.023273379019484286,0.036147546922612905,0.03918271835322268
0,291,0.023157489213456468,0.03579045654193786,0.039109170790567006
0,292,0.023090433601926013,0.03596840307835185,0.03904192391393596
0,293,0.022991152275807974,0.03573617022439055,0.03898388037347731
0,294,0.02287264404500403,0.03581380276225498,0.03894139666317959
0,295,0.02282847534501698,0.03578439637932185,0.03890500083981075
0,296,0.022754595433248252,0.03586474488124306,0.03886724855971461
0,297,0.022744453443986613,0.03577557880481448,0.038831094815314646
0,298,0.022698216730865035,0.035790000067653094,0.03880203593171847
0,299,0.022686978961091217,0.03586058951777853,0.03877447215509228
0,300,0.022690918205714807,0.03586777148857003,0.03875016487927179
1,1,0.20494923240891316,0.09670573949213429,0.09321020182728353
1,2,0.07227050022381108,0.06371070382950579,0.07369603946130035
1,3,0.05889658348225966,0.05719127463488424,0.067792395519203
1,4,0.05477969221225599,0.05780101223178981,0.06574387933396919
1,5,0.05186229989659495,0.05388016401140772,0.06825390556755798
1,6,0.04917846906294183,0.05123301551214468,0.0650059479428293
1,7,0.047486115883036355,0.05008519268952883,0.06264400934534413
1,8,0.04568047312701621,0.04682463617774775,0.05891888067515677
1,9,0.04506337733530417,0.0479990118828526,0.059142486805596
1,10,0.044071151079928005,0.04491461052557042,0.05665164529784008
1,11,0.042372970637388346,0.043691952851281406,0.05318420588035617
1,12,0.041012130495978565,0.04627931140157393,0.05348704696246764
1,13,0.039336010495700485,0.0466457354501845,0.05653120670143112
1,14,0.03904791850960109,0.044080515429934755,0.053624891056208664
1,15,0.038502523175826885,0.04483767859160136,0.05346778720513454
1,16,0.03849875658932256,0.045032154303612654,0.05248625288986786
1,17,0.03743502583990737,0.04407849171971027,0.051018759978201746
1,18,0.03680948972156862,0.0421796015717353,0.0484643550881733
1,19,0.03668169045775402,0.042895722750776764,0.04867268427038234
1,20,0.03616893450479682,0.04400584227672718,0.0498492128316326
1,21,0.03602436082664787,0.04160686407348548,0.049536192783183754
1,22,0.03660937584936619,0.04169999928837949,0.04898599065996006
1,23,0.035741046366349956,0.04237052122905955,0.04686910883955112
1,24,0.0350517565611659,0.04231334228628066,0.04614233619530234
1,25,0.03466476132048339,0.042602973257962466,0.04641509246249855
1,26,0.034192498478039006,0.04041784732364873,0.04455639768184166
1,27,0.03363086349080976,0.041682042889223093,0.04490594195286364
1,28,0.033634840533500764,0.04242255439798738,0.04577159848492528
1,29,0.0333179336768098,0.04152683142552173,0.047370622486187605
1,30,0.032994234025841805,0.04035618348798791,0.043218871432547996
1,31,0.03271920084044701,0.0396339789501156,0.044034791704695604
1,32,0.03212525447966849,0.038762882995073515,0.043539916035371995
1,33,0.03217285178692603,0.0394845510489263,0.04380462886213945
1,34,0.03293031803900149,0.039479310071222046,0.0441145006346578
1,35,0.03166885433218828,0.03991797863777559,0.04320569438632668
1,36,0.031514182436938695,0.04068404889534204,0.04431707973394037
1,37,0.03103600344734221,0.03662160191268766,0.040707237038514754
1,38,0.028509840005781592,0.036731869098375024,0.03966200618456257
1,39,0.028187841813011868,0.037098064209219135,0.04876365675185304
1,40,0.028819744225318838,0.03769404928470588,0.04026250338396025
1,41,0.030249938141645456,0.03877164079564349,0.04171654276342134
1,42,0.030510214043826592,0.03946338541565806,0.04196675069214783
1,43,0.029816650172195782,0.03842770244945546,0.04222242597438629
1,44,0.02958486733458391,0.037649612815229626,0.040980253232324994
1,45,0.03134535443855495,0.03804971122322775,0.04126938152409285
1,46,0.029904376215687613,0.03867189214941255,0.042076363909717016
1,47,0.028391869488830972,0.03762821638055478,0.04102366855075966
1,48,0.02899146802359965,0.0386370056640284,0.03977050174365164
1,49,0.028144878744170432,0.037768039675554546,0.03954766624208007
1,50,0.02763467738632022,0.03728906582442245,0.03932920383218066
1,51,0.02752676708396615,0.03736125765085761,0.039502567053490194
1,52,0.02759920367289607,0.03819892253157864,0.03977547566818547
1,53,0.027174472309103827,0.03697866252543898,0.03883052150676682
1,54,0.027145556128788287,0.03758567779446339,0.0394393488901054
1,55,0.02718897023033805,0.03728453855096193,0.039517393845169176
1,56,0.026975812594883325,0.03572749139335102,0.03764732230701305
1,57,0.02486597151472801,0.035503553299936076,0.036801499476857506
1,58,0.02475509885698557,0.03565891204920389,0.03684939165317327
1,59,0.024776139296591282,0.0359160235314829,0.037335372260586724
1,60,0.025025487468555208,0.03659151824090575,0.037233134371452425
1,61,0.02508754112825888,0.036164124029767,0.038272191698984194
1,62,0.02559718410143765,0.03773854140752883,0.03850708209393539
1,63,0.025909104566203385,0.037881751717904054,0.038752427590744834
1,64,0.026000197431663187,0.03723883211583704,0.03834626277201267
1,65,0.02610921487212181,0.03604829975947401,0.03768918578568132
1,66,0.025932250044694762,0.03738926693166564,0.03844998582535608
1,67,0.025286690218419564,0.036989431907007785,0.037524458546619795
1,68,0.026014049037745814,0.0375429518104068,0.037969191815016165
1,69,0.02562092308227609,0.03693986832182991,0.03760579956260604
1,70,0.024462836590118525,0.03580775696264582,0.036773658234249634
1,71,0.025053899031041597,0.037089998738172716,0.03739187723668195
1,72,0.024290541118783194,0.035998989659349036,0.03654241127705117
1,73,0.02440128291434631,0.036416974354700794,0.03692155308009025
1,74,0.024793548191465984,0.03554769969441256,0.03616493509089386
1,75,0.024817885899143976,0.0366928702430977,0.03714666113854493
1,76,0.025162982141099324,0.037053259558235414,0.03724313407928686
1,77,0.024972143083265643,0.0358066447141014,0.03652189280643073
1,78,0.02461375907154345,0.036942954788380215,0.037429055935648055
1,79,0.024933061994067054,0.03751773366511837,0.03763050822223105
1,80,0.024564347593340932,0.03686917011491882,0.03727830273751494
1,81,0.024665942029436914,0.03647669834429933,0.03691754406415419
1,82,0.024662413611644653,0.037269569631857555,0.03762026279775316
1,83,0.02460080064924025,0.035956407007428685,0.036190549648311705
1,84,0.024410310701080937,0.03744198801500555,0.037814913992526636
1,85,0.024988241311980457,0.03758143842327198,0.037487775762322054
1,86,0.025065588810276693,0.03763044844264954,0.037911645337965226
1,87,0.025610169577525883,0.037689334642703805,0.03820726271874502
1,88,0.02551553982150991,0.03664750347554431,0.03708289524715536
1,89,0.025359096164565262,0.03739421521637575,0.03714551043271603
1,90,0.025830885690705078,0.03795344281489068,0.03804860627505838
1,91,0.02569723492715417,0.037262623891136604,0.03780841438313914
1,92,0.02576663676740193,0.03788208796984433,0.03839853684051216
1,93,0.025802928272907328,0.03805879387613363,0.03852526309740979
1,94,0.025914729754554063,0.037424290244853047,0.03774453907270465
1,95,0.02565066202929834,0.0385448258922814,0.03868668821708458
1,96,0.02623282977175422,0.037578090137952165,0.037827896437760224
1,97,0.025150283376072963,0.03734669123005272,0.037511223596147544
1,98,0.025669399535328877,0.03717800227357177,0.037517672927096124
1,99,0.02561700198708511,0.038603539854516665,0.0383439122436354
1,100,0.026478101340372387,0.03846941540124047,0.03842028721076686
1,101,0.026473027449555514,0.03903188545928338,0.039195927710171774
1,102,0.02634888732942139,0.03904318371452209,0.038849163680412004
1,103,0.026626980818081195,0.03878450034402586,0.03887985330010125
1,104,0.026848076229415287,0.038361664671039776,0.038660615406774686
1,105,0.026130303649640665,0.038118429393712225,0.03818595197493087
1,106,0.02640305861558129,0.03904002518262328,0.039087662038487424
1,107,0.026801046438333465,0.03923001504541285,0.03882548872069926
1,108,0.02679953937668626,0.03855221057043471,0.03846407969212906
1,109,0.02550903137591554,0.037291477420122815,0.037635354380340734
1,110,0.025276531851509722,0.03755809859328895,0.03761746970943146
1,111,0.02597252988233799,0.038914606530646885,0.03870328271417564
1,112,0.02700767030076283,0.03867736132858123,0.038698798412204
1,113,0.026320270444380074,0.03844977302301359,0.038341127050462914
1,114,0.026538124330705258,0.03917677228547114,0.03879444266731108
1,115,0.0266913327093168,0.039327293744291406,0.03892993570698055
1,116,0.02674163428203362,0.039481251380862316,0.03910887297177979
1,117,0.027124790906360965,0.03967479782313181,0.039356220409741384
1,118,0.027266168785167903,0.04011594383537847,0.039709877300657045
1,119,0.02715894157384954,0.03952791623945174,0.039155254348177945
1,120,0.02713623290836084,0.03979696500625675,0.039276577804873626
1,121,0.02718994923208545,0.03972693342091209,0.03963869331462977
1,122,0.0273365071270524,0.039647929848715326,0.03937432674191347
1,123,0.02718771687458928,0.0400412482081859,0.039513123169775004
1,124,0.02745865578422459,0.04002173374175584,0.03968037051904804
1,125,0.027399877654161395,0.03960352800234979,0.0394253222635243
1,126,0.027140326116506647,0.0394311247888716,0.03913079392333687
1,127,0.02696607479961907,0.03949723346286791,0.039350743785189005
1,128,0.02713581876511254,0.039611447396687025,0.03940072322413585
1,129,0.027334180456109164,0.03976716280838654,0.03955066011965482
1,130,0.027460076369163467,0.0395712738789013,0.03965963995999264
1,131,0.027539732706982914,0.03973532098337498,0.03977699262391815
1,132,0.02755741654645379,0.04008488028048127,0.03988205897216182
1,133,0.027572203609274655,0.039788161710465286,0.039534177368292615
1,134,0.02737552465916407,0.03957454104775902,0.0393374989925517
1,135,0.027245835355687434,0.03926553939564679,0.03939937781023335
1,136,0.027198793729994356,0.039564833403917504,0.03944829690435622
1,137,0.027231635298670794,0.03959044128851408,0.03952212959125586
1,138,0.02712256924771681,0.03916450320462718,0.03921518203857572
1,139,0.026721697118951053,0.039055299024087387,0.038972762474978426
1,140,0.026506052034475456,0.03881649851829714,0.0387915515629672
1,141,0.02644374278351301,0.03868614534690512,0.03865694952317439
1,142,0.026394365105505396,0.038640781078016856,0.03858201457544486
1,143,0.026428891754731898,0.03839433281051316,0.038504851365442475
1,144,0.02629052454651129,0.03834136611465319,0.03844174352971
1,145,0.026278611386149394,0.0385995451906771,0.03847142184665913
1,146,0.026365046457546514,0.038672234711802415,0.038573757161220815
1,147,0.026423012996773895,0.03870085643158636,0.03867441806487921
1,148,0.026501262378765315,0.03867401131821094,0.038803026563640465
1,149,0.02674988589090545,0.03882604275468478,0.03887227144196162
1,150,0.026873719605912522,0.03900618374635385,0.038927101939008
1,151,0.026826543506325747,0.039037135862932976,0.0389826747553118
1,152,0.027013719513467174,0.03901143066905739,0.03903303804518558
1,153,0.026940187689189505,0.03911372694847548,0.0390672199979736
1,154,0.02697572427824503,0.039222472554563986,0.039117034803751456
1,155,0.026900569226865362,0.03919004680991391,0.039167148820432846
1,156,0.026995174518627364,0.0392000882270017,0.03923439627792362
1,157,0.02699061371840355,0.03911521596952327,0.039262939510600905
1,158,0.027053893225767265,0.03936447941906231,0.039301585136727796
1,159,0.027083307481938747,0.039380269698225535,0.03933521529549298
1,160,0.027049484003971263,0.03921486151044203,0.03931460939412645
1,161,0.02705400911863984,0.039220405218870324,0.03927620223849908
1,162,0.027154104806846234,0.039273088412576554,0.03929456523603367
1,163,0.027150456521024064,0.03914366989374907,0.03925120123444638
1,164,0.02710528108404904,0.039410655777639865,0.03922751429734122
1,165,0.02710145498376067,0.03922043183917391,0.039179406115843654
1,166,0.027041998146692427,0.0390949300810142,0.03917268021129565
1,167,0.02699547463164824,0.039086527468139697,0.03917438854245982
1,168,0.026917084733523975,0.039135238688617666,0.03915471599505442
1,169,0.026901898451331185,0.03923364686330505,0.03913924202180179
1,170,0.026876807962430686,0.03903973403799556,0.03913160854827236
1,171,0.026839237819175896,0.03913672956577201,0.03910354227606428
1,172,0.026969611803751167,0.03915564332416643,0.03912590560908932
1,173,0.02704416860531016,0.039188129338975974,0.03915447859865863
1,174,0.027015855899307786,0.039313611593233905,0.039159042929471165
1,175,0.026973851502123402,0.03931628847791801,0.03916486007735808
1,176,0.027023468075728998,0.03915820252525555,0.03916861845070061
1,177,0.026968101402971803,0.03935454007660599,0.039163442198771214
1,178,0.02688634491003141,0.03912154310594696,0.039160620135608865
1,179,0.026996881496615527,0.03931269601771496,0.03916773235730386
1,180,0.02693967203178057,0.03912171894688414,0.039166818687672814
1,181,0.02693927217638347,0.03921860970641453,0.039168499484788045
1,182,0.026955243904234434,0.03923708186112458,0.039169609582356664
1,183,0.02691441065654522,0.039188137312501585,0.039114179628339796
1,184,0.026910914517030482,0.039112211702140194,0.039064605587295125
1,185,0.02682679069296616,0.039105641344045906,0.039024402082407726
1,186,0.026814973526975004,0.039037932596886954,0.038994528820498066
1,187,0.02683779972082958,0.03898560330874408,0.03898410727221272
1,188,0.026965608797603992,0.03905233212573834,0.038984526980681285
1,189,0.02691770045132172,0.03905259032042354,0.038978154031163934
1,190,0.02690358085148945,0.038880253420040804,0.03895170548249308
1,191,0.026902440208487394,0.03891214672223038,0.038957735533316586
1,192,0.026839688806453856,0.039079877271593275,0.03898642969866144
1,193,0.026771443600698216,0.039002780328642336,0.0389959656792443
1,194,0.026757892107636464,0.038969252885462005,0.03900730555701858
1,195,0.026730905900277744,0.03894127002645452,0.039013621147449426
1,196,0.02678270054208796,0.0390733193977985,0.03903382130045093
1,197,0.026836000428330606,0.039134227740379356,0.03905341349126778
1,198,0.026867895773271235,0.03920524995117329,0.03907129038709381
1,199,0.026858194458593682,0.03896097680715837,0.039037135871003936
1,200,0.026885340944295975,0.038995057339603775,0.03902805781556547
1,201,0.026859271385502523,0.03911751513858354,0.03902415037869057
1,202,0.02693992873608339,0.039093964257856356,0.03902684175490502
1,203,0.02696107898089217,0.03915679092892538,0.03904085950309391
1,204,0.026951383435871543,0.03906318541780803,0.039059935251205435
1,205,0.02696909437455782,0.03915986541777472,0.03906810711355367
1,206,0.02700388320244667,0.03915427195665032,0.03907894222422759
1,207,0.026959275190786617,0.03910825222174004,0.03903652641935216
1,208,0.02688626056855045,0.039060356654766926,0.039000687497677704
1,209,0.02686071782032164,0.03893965106401752,0.038990499049373205
1,210,0.026912281403272616,0.03905949545060472,0.03896600953287052
1,211,0.02684191314548981,0.03893093826386836,0.038923716915686996
1,212,0.026740566645635337,0.03884356549937592,0.038892356990366035
1,213,0.02673519877489747,0.03890403810722506,0.03887275571672032
1,214,0.026754039862170453,0.03898782193823064,0.038896988691171495
1,215,0.02679823366243665,0.038937919802300776,0.03893346553960432
1,216,0.026863189436858746,0.038947142176335776,0.038969555681486995
1,217,0.02687228189372435,0.0391261803483197,0.03899402039625296
1,218,0.02689224277145979,0.03908939527800268,0.03901731662244539
1,219,0.02689890038767239,0.039162090212511526,0.03904284602063562
1,220,0.0269497153008493,0.03904381329213611,0.039059775469350896
1,221,0.02690877018087521,0.03910218978845668,0.03907942654441666
1,222,0.02692508236391515,0.039160439264005385,0.03909999638704992
1,223,0.026922966194588963,0.039099239717949506,0.03911882525679853
1,224,0.026934707105704923,0.03901899659449533,0.039084339855102505
1,225,0.026964269124153183,0.03920902267829896,0.03906850947411114
1,226,0.027033459804043536,0.03915694027841182,0.039067563795539766
1,227,0.02707324694932961,0.039187666803703024,0.039067818182893746
1,228,0.02703999310005002,0.03907155173674899,0.03903961891327897
1,229,0.02690143567487234,0.038959877729394285,0.038990337404873524
1,230,0.026814236351084417,0.03921993638196066,0.03894627322069651
1,231,0.0268074704970165,0.03895148394532133,0.03890613188402474
1,232,0.026748791973038418,0.03877319698648411,0.03886817531653709
1,233,0.02672609484686357,0.039051937089604125,0.03884329798368523
1,234,0.026772605754980226,0.038935319426149965,0.0388715093637385
1,235,0.026884638250055836,0.0389697433203278,0.03891078865265909
1,236,0.026922944592448268,0.03912467318609748,0.03895090567110308
1,237,0.026924072446801315,0.03919724249425975,0.03898231444705135
1,238,0.026911171493915524,0.039099306827331454,0.03902372578321226
1,239,0.026946637052588346,0.039133717913194234,0.03900377085036517
1,240,0.026901661100365768,0.03917538158604659,0.03895402695814907
1,241,0.026821094042644267,0.03910506741352429,0.03893003766246478
1,242,0.026810116452596535,0.0390000872712546,0.03890665165612714
1,243,0.026816006136558403,0.03895854301777951,0.038889014097222674
1,244,0.02674320315169852,0.03888147656384501,0.03887450530190501
1,245,0.02677488302039664,0.038903776779418336,0.03886119885376625
1,246,0.02677307130269161,0.03886781288757215,0.03886179639292615
1,247,0.026712884876604486,0.03882542482258295,0.03886495975498434
1,248,0.026705755443289514,0.03895483828210573,0.038828916276581193
1,249,0.026692773101896775,0.03889188374465466,0.03882104339473962
1,250,0.02667871864921436,0.038826178751660737,0.03883763515627343
1,251,0.02673726690160792,0.038877752170612595,0.038882513452671755
1,252,0.026741826929515454,0.0389189578505217,0.038892387503349196
1,253,0.026865898858664965,0.03907128608906676,0.0389103768101345
1,254,0.026849675378421457,0.03898369259202696,0.03890298057723959
1,255,0.02686814082468428,0.03904461398549032,0.038920849379969806
1,256,0.026854625903069973,0.039141088877366774,0.038911464147088
1,257,0.02683429749364533,0.03889117879359227,0.03890335201918559
1,258,0.026819200709280445,0.03886156497390711,0.03893247841880089
1,259,0.026862124912440777,0.039116768481696575,0.03895334853021629
1,260,0.0268461049602526,0.03917572856425866,0.03896428231240773
1,261,0.026862529333590006,0.03910617072843652,0.038969449682699886
1,262,0.02690135901112382,0.039246021906540515,0.03897534959173992
1,263,0.02685793623237348,0.03907683954027769,0.03897632064966271
1,264,0.02684735191031927,0.03910611417375946,0.03897990131237989
1,265,0.026886711056094345,0.039093197564172566,0.03897978876512952
1,266,0.02690626190202992,0.038950508239796164,0.03898036230082919
1,267,0.026900318928244637,0.039135312746672396,0.03898890662081669
1,268,0.026937881734494757,0.039139122839349574,0.03900594713380528
1,269,0.026934751286739257,0.03919923879741776,0.03902148970042579
1,270,0.02691984610495771,0.03924975953672095,0.03899633753006363
1,271,0.026875938447873768,0.039135116470937294,0.03896811470480227
1,272,0.026919706724584103,0.03900377666697097,0.038972881875724535
1,273,0.026953411174983514,0.038973146649412996,0.03896511165678294
1,274,0.02696594252909829,0.039167295925896864,0.03899009140266774
1,275,0.026978568401096796,0.03916208862363428,0.03899525510283505
1,276,0.02697610591606396,0.03903832868658693,0.039010293979703965
1,277,0.027041297542249283,0.039081489781792794,0.03903080442537414
1,278,0.027029002335195135,0.0392077828125496,0.03905118545614676
1,279,0.027034337450636596,0.039225428381091,0.03907692914938989
1,280,0.027060392358135885,0.03912544832806534,0.03908528405394184
1,281,0.02708469197244906,0.03929307267282463,0.03908984618462648
1,282,0.02706842356157012,0.03931351591774941,0.03910818075248485
1,283,0.0270560948041881,0.03918614475154892,0.039131164203563426
1,284,0.027028846963331465,0.03954440152348771,0.039096796336723326
1,285,0.026958755853517754,0.03909318721443824,0.03904753177060068
1,286,0.026988458229092564,0.03915810519891935,0.03902231708156003
1,287,0.026914359320227694,0.0391942000557283,0.03899796491079941
1,288,0.026922884329063135,0.039057466809573026,0.03901092476415925
1,289,0.027004279423414206,0.03906109860998161,0.03903434564479552
1,290,0.027105926536023617,0.03925796943845771,0.03905071840598816
1,291,0.026995143080811676,0.039333279168128656,0.039031158512919
1,292,0.027002205413470908,0.03917141306476715,0.039030106235230635
1,293,0.026919538041622174,0.03921900924749477,0.03903514297698537
1,294,0.02690169801254098,0.039120697244229674,0.03903363137879127
1,295,0.026857016926131596,0.03915150111719684,0.03903929225918723
1,296,0.026888454060365514,0.03925481422446664,0.03902695232917934
1,297,0.02686665813643031,0.039258458713008156,0.03903625488527872
1,298,0.026896127590500727,0.039097347605864884,0.03903734434772452
1,299,0.02691706145045961,0.03932905296757545,0.0390512364744517
1,300,0.026946952021340044,0.039067792342446964,0.03903001056211751
2,1,0.20777815980155293,0.0892667585349345,0.09576236504659005
2,2,0.0716994197175997,0.06664495823179373,0.07575590780024329
2,3,0.05903330222680801,0.05880478670154226,0.07219791430525663
2,4,0.05359341981025731,0.05303826505575279,0.06656185100147118
2,5,0.049432343462618385,0.05343044406856082,0.06709642865360822
2,6,0.04868083215523057,0.05465210097306323,0.06903874022620064
2,7,0.046260196806454074,0.050515356407670235,0.06489353720423237
2,8,0.04442165710213708,0.04723318717647139,0.06149693852361902
2,9,0.044208298505442896,0.04616439556452799,0.05973664126018199
2,10,0.04196315588111558,0.045908541666225544,0.05911579872854703
2,11,0.041262471730389244,0.04511734009868214,0.05752480105993432
2,12,0.04035359421154348,0.045368014668513625,0.056253738045848205
2,13,0.03860534959268279,0.04640617629971414,0.05839788101172198
2,14,0.0381443208401523,0.04489685175087535,0.05418785320082193
2,15,0.03775078092315575,0.043176409164136585,0.05412699260752168
2,16,0.037000922985920094,0.04615346980463118,0.055935608339901584
2,17,0.03624214624940622,0.04303281978898487,0.05339796934601322
2,18,0.03589717432765699,0.04388312593452696,0.050700633368010305
2,19,0.03585321537968589,0.04668622654555672,0.05514910312220195
2,20,0.03480789676399493,0.04190158094216925,0.04987981050349902
2,21,0.03484552639831857,0.04380680480460217,0.051915765840573176
2,22,0.03439297781484883,0.04175488368900304,0.05062066065958776
2,23,0.03384384415226012,0.0426840533176039,0.05003964095554908
2,24,0.034252754844179965,0.04172058721665425,0.049172275832721164
2,25,0.03313315796052537,0.04178797439484424,0.04882623151411994
2,26,0.03310928000818666,0.04242113950094879,0.04808000493340376
2,27,0.03265054723838481,0.04093857481791405,0.046863367605811626
2,28,0.03181944867005435,0.042144301749699915,0.046510289494558286
2,29,0.03190910836636293,0.041305216682576765,0.0471797207441791
2,30,0.03206653979311629,0.03977056939049109,0.045546305894799764
2,31,0.031717299915304996,0.04030004760374967,0.045680708732157425
2,32,0.03127562961109528,0.04082039308945179,0.04583741837418038
2,33,0.031333148774759075,0.04129078612811818,0.04656691861238318
2,34,0.029930536907802268,0.03888040044292653,0.04380070997032139
2,35,0.03168346160432187,0.04077413046243004,0.04588532617205319
2,36,0.030504658295795684,0.04105860461942597,0.04709521649269069
2,37,0.02998583584387855,0.03979955582554828,0.04537004739928744
2,38,0.028546046056761976,0.03898775278873769,0.0433295000610607
2,39,0.02898556380191954,0.03885595561676091,0.04338791537445805
2,40,0.029267639943920985,0.038771444136334834,0.042897399745310434
2,41,0.028898143413953664,0.039649989868011624,0.04405503091158975
2,42,0.0288349606278466,0.038519574360528525,0.04301414980458985
2,43,0.028309364553268362,0.03887511983369415,0.0430514705318711
2,44,0.028727500108865704,0.03880245298640723,0.043234507770696165
2,45,0.028278471720291347,0.038392663680037464,0.042678776823425545
2,46,0.027813321411064486,0.03896887168263782,0.04372134921546597
2,47,0.027760039492532973,0.03853493174100215,0.043096939945522085
2,48,0.02758450515386535,0.037896366609699375,0.04184859563054627
2,49,0.026591617682176393,0.03698239156746639,0.040797350762691025
2,50,0.026438058740118654,0.037844401818639864,0.04211407786605146
2,51,0.026751569540398878,0.03731184565179023,0.04163149997059788
2,52,0.026732158120267274,0.03867700516222948,0.042482813645011455
2,53,0.02644477268998943,0.037125434635789274,0.04134333495517953
2,54,0.026589626037492986,0.03821384242497855,0.04211355297654244
2,55,0.02668639570020321,0.03793917761084206,0.0418710472412693
2,56,0.02670358786950024,0.037674627971854766,0.04114136417503452
2,57,0.02662590484521011,0.03763178954601984,0.04115386776145846
2,58,0.026484162592124647,0.03784406046659978,0.04204137374092062
2,59,0.026205349486412073,0.03761898032139409,0.04176370379959561
2,60,0.026258976812042843,0.03804880311648374,0.04187369504002433
2,61,0.02371214098501496,0.03535219979181349,0.03880560266029232
2,62,0.023672483111845284,0.036005503720045545,0.03964191790384594
2,63,0.02396419190052079,0.03595398403493794,0.039437892398949494
2,64,0.024243237496149248,0.036503630621195,0.03978771905865819
2,65,0.024294691137606052,0.0366572523014836,0.04024558756760085
2,66,0.02415337020576727,0.03640443839542727,0.03941037809275065
2,67,0.024188668853262575,0.036743105737144476,0.0394001347645598
2,68,0.02398344629058024,0.03612627608358169,0.03931515811835432
2,69,0.024173549944307746,0.03672628362563021,0.039652143348696337
2,70,0.024065821227140544,0.037596751686745075,0.040371175453014906
2,71,0.023772936518781068,0.03639075868383223,0.03949514544124387
2,72,0.023862947414561016,0.036696216919924494,0.03995325666193555
2,73,0.023270082819025692,0.03507120104353666,0.03804713853664099
2,74,0.022469129458796686,0.036087133832985445,0.03902743554281441
2,75,0.023199956296238958,0.035896724737158346,0.03903048345332362
2,76,0.02320278919778946,0.036208777879626335,0.03912317482527436
2,77,0.02330325593853869,0.03630144776002037,0.03923398998763918
2,78,0.023252301258830037,0.03650870634358313,0.039407293416092413
2,79,0.023462646890704226,0.036214335337713344,0.039163089107449464
2,80,0.023290938016299795,0.0357153820628994,0.03839319679912063
2,81,0.02292154052453797,0.036186732984601684,0.03926903505579208
2,82,0.0234671636689,0.035790501401779015,0.03859503764840888
2,83,0.022793008582439364,0.03586691309514846,0.03867773054888024
2,84,0.023000343316575377,0.03645927380311038,0.039098460344072
2,85,0.02339517534142587,0.03660696348481299,0.03921023369458494
2,86,0.023240135959917453,0.035509251305715195,0.03819015172053816
2,87,0.023146839812397957,0.036173562605959685,0.03911472065861009
2,88,0.023225728422403336,0.03674589186509951,0.03929647586214314
2,89,0.023387554851247043,0.036295683033336794,0.039110566080525155
2,90,0.023584481237865076,0.0365541312114082,0.03927656982535373
2,91,0.023694774022371305,0.0368614267169524,0.039585628342337725
2,92,0.023809625971608045,0.03684608346253283,0.039545761109800286
2,93,0.023957292799179148,0.03719664751057387,0.03990864687524606
2,94,0.02410530035452145,0.037342870408687306,0.04014670863449054
2,95,0.02377449959607386,0.03656229880434871,0.03942769211603374
2,96,0.02353572850002021,0.036617938004677456,0.039213033113953126
2,97,0.0235484464366625,0.036981179411477556,0.03969449156291705
2,98,0.023736482781426208,0.0369395205136434,0.039691370950836545
2,99,0.02370592740523379,0.036740313775914746,0.0395921900031199
2,100,0.023961535473240585,0.036640680142904614,0.039475665259003014
2,101,0.024035825030651034,0.0368299337404738,0.039651689012551145
2,102,0.02403728309564474,0.03714901869161389,0.03972247608642026
2,103,0.02396102594893153,0.036895619020473225,0.03976437396236828
2,104,0.024138422864602833,0.03708469348115862,0.03988528091019143
2,105,0.024114650946746512,0.03746718080044566,0.04023812030432324
2,106,0.024211108979837196,0.03731207593949114,0.04014894970488257
2,107,0.024395463147723093,0.037246307630776465,0.04012144024350813
2,108,0.02406170344116484,0.03693189667890324,0.03975366235415383
2,109,0.024151008076420646,0.03739284891413436,0.04031607370096736
2,110,0.02442772802328918,0.03753834940983217,0.04032224591315208
2,111,0.024332024611350967,0.037328446540078636,0.04025335177350854
2,112,0.02451436580499498,0.03776029214008242,0.04054463398399461
2,113,0.02481924140507855,0.03783200849109171,0.04052807956622453
2,114,0.024845398803491417,0.03795502679530527,0.04068643770761502
2,115,0.0243135705453957,0.037803274467621585,0.04060402337318929
2,116,0.02435850969901899,0.037670085566534554,0.04060190680472485
2,117,0.024744422447572394,0.03718269168329909,0.04000927313824772
2,118,0.023758953550785052,0.03665521970076739,0.03941310097492634
2,119,0.0233988427534336,0.03659736549596033,0.039285105656352196
2,120,0.023460587145896945,0.03666399150855967,0.0393976498693747
2,121,0.023507619719588903,0.036690624084514685,0.03949516098492029
2,122,0.02381627422916453,0.03725682678820067,0.039920866898283724
2,123,0.024113318678445933,0.0374624657223481,0.04016183715196852
2,124,0.02438088033984347,0.037503553976865445,0.04027748823113973
2,125,0.024463700471309628,0.037678669823415493,0.04044334362958678
2,126,0.02441522872030008,0.037710388499495186,0.04039262475945601
2,127,0.024785837612864448,0.0378721463764075,0.04066353916914205
2,128,0.024715998618886237,0.03728554891200647,0.03992213547320628
2,129,0.024041652361430774,0.037102222336872374,0.0397387368747322
2,130,0.024132299032516596,0.03747559200673249,0.04004928126009603
2,131,0.024278677363948124,0.03727290284778964,0.03993018057508855
2,132,0.024190110381601786,0.03739252506461909,0.040107624316490696
2,133,0.024404634380849395,0.03764876105591782,0.040361655149154546
2,134,0.024565972705803265,0.03747407623205075,0.04023489814887687
2,135,0.024232382113795456,0.03732573229311232,0.039951616203743406
2,136,0.024255799424902694,0.03743435440230228,0.0401829955482836
2,137,0.024371598597343374,0.03760264057157759,0.04035383414879493
2,138,0.024308729644228772,0.03738957127770557,0.04005716462012783
2,139,0.024442915918260085,0.03775932829598504,0.04048001678913624
2,140,0.024655682125651255,0.03786647471943836,0.04060649710223858
2,141,0.024720163402579178,0.037865686918903366,0.04049136310504289
2,142,0.024678934115643907,0.03780378801668556,0.04046170855791208
2,143,0.02453347363668244,0.03762212103876366,0.04034726957397906
2,144,0.02451779477570842,0.037669819484888976,0.040390192501844016
2,145,0.024514836736205147,0.03776020840121949,0.0404082441812816
2,146,0.02460678169367517,0.037687453081983714,0.040364424785670504
2,147,0.02452999900844766,0.03749402565284608,0.040386874277391294
2,148,0.024484914454926805,0.037606708388161526,0.040438547298857354
2,149,0.024581168846386236,0.03754206453916254,0.04053314753162321
2,150,0.02460768614418623,0.03786664842047998,0.040560870061430575
2,151,0.024671516949083747,0.03786023881602509,0.04052717957762476
2,152,0.024573886926036057,0.03767673648474226,0.04040680327923248
2,153,0.02452400567509779,0.03770757027985858,0.0403611797203378
2,154,0.024551462700090756,0.037579861833169255,0.040346455675929475
2,155,0.024504845575770227,0.03771244380446845,0.0403801673335325
2,156,0.024522273551400114,0.037687308556412745,0.04040417155309317
2,157,0.02450856814024652,0.03768017149549683,0.040418088014273275
2,158,0.024548478946998353,0.037699911057419155,0.04042358474176416
2,159,0.02456832658953783,0.03771998295310307,0.04039553267952665
2,160,0.02451923185187142,0.037652175981262574,0.040325145850457794
2,161,0.024505778579268514,0.03761809367884942,0.04028420590954583
2,162,0.024462745138784735,0.03768557268769113,0.0402748289482363
2,163,0.02441558112367624,0.03756755146923474,0.04028745894141833
2,164,0.02440952752694124,0.037789209153086985,0.040237433614553265
2,165,0.024396088701195834,0.037514984998021896,0.04022039720652307
2,166,0.024372547819483573,0.03754006220102856,0.040203478180832565
2,167,0.024446507484265943,0.03763008340840684,0.04021075277391315
2,168,0.024425926141259147,0.037635897746211844,0.04020170905734396
2,169,0.024381092817681593,0.037627151808917514,0.04022635075909439
2,170,0.024421383649474236,0.03752912731468223,0.04023990900830109
2,171,0.024351517283698408,0.03744462932720417,0.04020723015173802
2,172,0.024372456822453474,0.037753234079826316,0.04020417391773612
2,173,0.024419873225979688,0.03771738954410366,0.0402180576333549
2,174,0.024364666649844588,0.03759413548933981,0.04022955895768225
2,175,0.024376329920459086,0.03759517496842914,0.04025635244292353
2,176,0.024451821701737438,0.03761673321400488,0.040281653686553134
2,177,0.024430185556411743,0.03758525289054983,0.04030326571484268
2,178,0.024403178882671565,0.037640831821571956,0.04032962542442598
2,179,0.024517662573333193,0.03755903558325709,0.040361265586981165
2,180,0.024460762148586716,0.03767993044812046,0.04038341247674584
2,181,0.024481805404875337,0.03765795159867768,0.0404020161027225
2,182,0.02449509144828814,0.03785916352763963,0.040417161448907356
2,183,0.0245718460575473,0.037814074061738194,0.04039272959327864
2,184,0.02454195775818534,0.03757004369668872,0.04033490195091593
2,185,0.02447493485652092,0.037576706419040484,0.04032161776690325
2,186,0.024540652112081285,0.03756193626587881,0.040298498654251315
2,187,0.024494148313817455,0.03769903381665548,0.04030390898615953
2,188,0.02450399875368287,0.03761474325143083,0.04030528123967531
2,189,0.02449421959406719,0.037535675193816516,0.04030423731143985
2,190,0.024459567602451254,0.037723218020613465,0.04029139902325873
2,191,0.024471438876012476,0.03766963455623632,0.04029390985593979
2,192,0.024512200752591213,0.037650877484194344,0.04030322254625659
2,193,0.02451153522039332,0.037674039852167496,0.040317180290662454
2,194,0.024579205300386358,0.03767542538297919,0.04033096315735101
2,195,0.024561695073072504,0.03751634028487212,0.04031635754991595
2,196,0.024481797318269567,0.03750141197275393,0.04024719656201709
2,197,0.02446299305231106,0.037641541966690846,0.040194552875276436
2,198,0.02438552211970091,0.03748167810025733,0.04015476940660526
2,199,0.024444729884768406,0.037466025018043386,0.04013363643182695
2,200,0.024423536458393423,0.03750704839155851,0.04011769686218754
2,201,0.02437845703850432,0.037448793899561295,0.04011231650783314
2,202,0.024418528214460465,0.03746177203912329,0.04012346235249931
2,203,0.02442194135269014,0.03756241769710685,0.0401290298150755
2,204,0.024402308686659102,0.037611808123803894,0.040148131143730066
2,205,0.024465129960600924,0.03748091132214045,0.04016879705212465
2,206,0.024449883142440784,0.03756652598556982,0.040206171004328786
2,207,0.024490392721462542,0.03772160111100928,0.04022600705563399
2,208,0.02443092584428264,0.03757363005134167,0.04024417916449105
2,209,0.024435254790615743,0.037473770970324005,0.04025301121772374
2,210,0.02441735004597321,0.037658404921362305,0.04025906493127969
2,211,0.024487798919946683,0.03753943398955332,0.040252343147915204
2,212,0.0244163018083427,0.03761328487760491,0.04025406957010151
2,213,0.024431404839383393,0.03764939118874338,0.04026819768163801
2,214,0.024407476459334537,0.03765659979561637,0.04028868447106578
2,215,0.02438484479832213,0.037567507380662855,0.040303417643733346
2,216,0.02442229618659107,0.037668933558604144,0.040307571647448616
2,217,0.024442649946161885,0.03764371774531787,0.04030886489430682
2,218,0.02445716576696169,0.037715465580346344,0.040306167148105566
2,219,0.0244799083689364,0.037637020547400084,0.04031183624815338
2,220,0.024463955676410257,0.037693264289510066,0.040322539467974615
2,221,0.02452074218450523,0.03772342186540556,0.04034138754503445
2,222,0.024547410083980096,0.03758425364624459,0.04035222632258819
2,223,0.024526956968191193,0.037730390147416325,0.040363395369193075
2,224,0.024489279836416245,0.037676972946293096,0.040292844335298714
2,225,0.02441773892993607,0.03758227253578358,0.04023632968253479
2,226,0.024424061247306627,0.03762451192930964,0.040187609076941265
2,227,0.024369059675713865,0.037528959465393925,0.040145169829995164
2,228,0.024358742347941165,0.037484272770635936,0.04010643729557144
2,229,0.024272119285675083,0.037384955225408904,0.040071366176346664
2,230,0.024222187448020387,0.03736367964433672,0.04003865994798597
2,231,0.024197701046743045,0.037383874613616586,0.04001291928559749
2,232,0.024207386710658307,0.037345222059025525,0.04000199326875422
2,233,0.024234196807189686,0.0374092548333395,0.039997958441878236
2,234,0.024232016104023632,0.03730621507834252,0.03999353258283192
2,235,0.024264092988720756,0.037506835069223074,0.04001634517029084
2,236,0.024356136461947023,0.03745678388195224,0.040104651469931994
2,237,0.024438214601903426,0.03763526432603934,0.040111514493070204
2,238,0.02439114083422393,0.03749819583161729,0.04008289210770915
2,239,0.02439530775314424,0.03748879238314386,0.04008030877789346
2,240,0.024388405948695614,0.0375397500503292,0.040082641315844415
2,241,0.024337476664563505,0.03749775270017726,0.040102412284900295
2,242,0.024381579853957745,0.03749368894675813,0.04011280974535473
2,243,0.02435727676422131,0.03749942596801653,0.04007457974869823
2,244,0.024226239359960322,0.03741589303598063,0.0400346996074458
2,245,0.024296887968553275,0.03748025183374874,0.04002228634308647
2,246,0.024307349674040225,0.0373921540695992,0.04001571966549349
2,247,0.024303329199915978,0.03743169219056838,0.040042190955309295
2,248,0.024345396631738035,0.0375721979838249,0.040065694230410696
2,249,0.024323440497604813,0.03757775258369544,0.040074353755325184
2,250,0.024348026709403933,0.03753474764315518,0.040107244015622635
2,251,0.024356186049195323,0.03756467016258588,0.04013452942090479
2,252,0.02437690429662059,0.037615535263101754,0.04012714929956592
2,253,0.024415062785875505,0.037691124783992606,0.04017606985070564
2,254,0.024441133616719304,0.03763234005787243,0.040163523244966824
2,255,0.024409182665006416,0.03761751405179491,0.04014712053867064
2,256,0.024427544575457167,0.0375581378886483,0.04017179281505973
2,257,0.02443217040925491,0.03770966949984681,0.04018697469699674
2,258,0.02443376619641374,0.03768175012137518,0.040209121920999125
2,259,0.024459923685687345,0.03766894825706907,0.0402373456581129
2,260,0.024473136427198967,0.037758054642429775,0.04026103049244096
2,261,0.024489757059732588,0.037723270605940266,0.040279960866615123
2,262,0.02453506020147626,0.03778603537007029,0.04030900213296301
2,263,0.024558234210239678,0.03771743987944496,0.040331187151787795
2,264,0.024541956486134994,0.03787573188999884,0.04034120650825704
2,265,0.02458693623179343,0.03761593651658172,0.04034378419497183
2,266,0.024587615552108463,0.03780295848118662,0.040354050556360016
2,267,0.024589166522207783,0.03774635591478825,0.04036707878242594
2,268,0.024641082803832322,0.03780663105396506,0.04037427873016442
2,269,0.024618704008256515,0.03785015991647297,0.04038202056810519
2,270,0.024575705912600204,0.03771661671409577,0.04033068287468642
2,271,0.024586095451945213,0.03768617032728043,0.04028071896643589
2,272,0.024508130645788297,0.037716530473938074,0.040267926407166685
2,273,0.024541754161984456,0.03779323753415833,0.040262518346776945
2,274,0.02455799417888246,0.037765017986241885,0.040271164034898894
2,275,0.024629602390455037,0.037642176024233684,0.04029381897573064
2,276,0.02459573261894104,0.0379148580123112,0.040330937615748276
2,277,0.02465873095774796,0.03792316059414775,0.04036734891464797
2,278,0.024736379931976155,0.03785075662530827,0.0404036633300397
2,279,0.0247280805530708,0.03784571129797989,0.04042149382198833
2,280,0.024758993716138166,0.03800331371619169,0.040429084175607054
2,281,0.024823641995104347,0.037813368491926236,0.04041474430013824
2,282,0.024751113091663616,0.03782842681778456,0.04035434765799639
2,283,0.024682435275214475,0.03780931044484788,0.040300066725639724
2,284,0.024645727264081558,0.03795806816932592,0.04025539247325592
2,285,0.02460013136903687,0.03773581563388208,0.040220240049894884
2,286,0.02462494577758196,0.03765384503327519,0.04021024200675899
2,287,0.02459592930972576,0.03777599736641051,0.04018296231596831
2,288,0.02450855226233238,0.037643735122045906,0.04017468673933155
2,289,0.02453471913297729,0.037804577855554765,0.04020388951388801
2,290,0.024606303652612176,0.03785415917054451,0.040228654737568065
2,291,0.024573558169167217,0.03768752412489582,0.04021491964415806
2,292,0.024549325087630167,0.03786700877579332,0.04021224627459506
2,293,0.024511800374744867,0.037666094364593845,0.04023365260715165
2,294,0.024548871715257808,0.03776683252727242,0.04022474633367531
2,295,0.024507327959304902,0.03759242491643098,0.040216702442187884
2,296,0.02451056984775677,0.03783827787862183,0.04021938604007407
2,297,0.02456872374182794,0.037826847063004515,0.0402353458132478
2,298,0.024566976398956483,0.03772522713229975,0.04025917528164719
2,299,0.024574541554945272,0.037771126611746156,0.04027947277895042
2,300,0.02456655482784277,0.0377376079016339,0.04028871788185752
3,1,0.2074039801955223,0.09329797259744561,0.09690476536023908
3,2,0.07060113980820994,0.0692286638927365,0.0765578366218959
3,3,0.05703468089241807,0.06290940130732144,0.07016973514823756
3,4,0.05183298613240079,0.06208368154670202,0.06599695236788809
3,5,0.049226558789974305,0.06006103577956521,0.06578402111520958
3,6,0.046848420508024166,0.06378976701985094,0.07101158495304477
3,7,0.04458876267620703,0.056830599980533435,0.061243910433315646
3,8,0.04276523334769214,0.05640572706585402,0.06012076510032087
3,9,0.04089116813932977,0.05836862351026691,0.056891284272957345
3,10,0.040786863236529074,0.054383779302243966,0.058884856495551946
3,11,0.03932675551168802,0.053898273193094336,0.055374169683259124
3,12,0.03856244894516904,0.054219481308537425,0.054050112149648964
3,13,0.03734465420427846,0.054954271781473205,0.05254221670589173
3,14,0.036892605218582036,0.05544092931036447,0.050949903691791074
3,15,0.036577980806369606,0.052769647197774015,0.05198565963980213
3,16,0.03661442557122649,0.049955820534986664,0.04987906962503332
3,17,0.034998409813497125,0.0487739391694862,0.04874921808155572
3,18,0.03438034665021228,0.0518434977331466,0.04831971905684222
3,19,0.034355419347199,0.05081288811099125,0.05201324197473426
3,20,0.034136211863014757,0.0489425317663472,0.04674537132010643
3,21,0.03393159802185326,0.04980357999115118,0.049568927278969346
3,22,0.03388826337801974,0.04956361095015055,0.048943782199290985
3,23,0.03368079319323709,0.05125779254727011,0.04802169698819466
3,24,0.03281658140533581,0.04997130290273081,0.04634005068201014
3,25,0.032975286358921996,0.05259736851670794,0.048299778090588726
3,26,0.032957899974795375,0.04982259152789733,0.04586470116721628
3,27,0.03226849157363176,0.047147525483384155,0.044278869041945876
3,28,0.03136175659644168,0.04892610901937125,0.044046622963836386
3,29,0.03143773089367442,0.048797535501939035,0.04569206735969421
3,30,0.03161198648101673,0.04796432529821178,0.04434622644417585
3,31,0.03156635962517523,0.049036818355497,0.04563555108441708
3,32,0.03231090425354678,0.04875474593486132,0.0491432825083932
3,33,0.03121166185634892,0.04874583417467286,0.04354520795302212
3,34,0.030328769850113044,0.04723052916194338,0.0440101037386039
3,35,0.030594868381030677,0.04791101177239515,0.043272373321683565
3,36,0.030008261728032334,0.049004691366392836,0.04451442092579209
3,37,0.02920893073172831,0.047408013456183805,0.04299266367034422
3,38,0.029136669027005752,0.0469654138026286,0.04235248451319098
3,39,0.029112831212398483,0.048734788558521494,0.04182935029086543
3,40,0.02888454601350354,0.04574455049348613,0.04054694381325087
3,41,0.02870966644003624,0.046116046435501025,0.04164514309346987
3,42,0.02875089754418629,0.04654414104215314,0.040747455457543456
3,43,0.02843877634533295,0.045934020934421206,0.039370648455822305
3,44,0.027165184592510144,0.0470720978417651,0.040893179529998776
3,45,0.027741296534858097,0.04637174949223933,0.04101460563012428
3,46,0.02807451137227983,0.045961777090225184,0.04019014581142298
3,47,0.029459542708425986,0.046029598893932044,0.04103920021733652
3,48,0.027937933166579502,0.04877271330108018,0.041147119914042
3,49,0.02774819381898496,0.04571691305892285,0.039937771691288475
3,50,0.027395573376518923,0.04674558170277384,0.04029243824620592
3,51,0.027226876762763755,0.04573895297154229,0.03974843897795116
3,52,0.02722527993070643,0.04727253263619511,0.03952892063646366
3,53,0.02657070649197189,0.045436389753165725,0.038837694900454335
3,54,0.026591551353836933,0.045743422800224726,0.0390241553987464
3,55,0.026523616414789748,0.04547738736165319,0.03926667699246353
3,56,0.026368809364190917,0.04519561869616794,0.03897759180762626
3,57,0.026163802800200333,0.04723495577261027,0.04030317552582416
3,58,0.02630269568322635,0.04639042020060113,0.05008466064423738
3,59,0.02545840679327162,0.0440257533376079,0.03804141854159923
3,60,0.025123713288183618,0.045564334293823436,0.037928443402051926
3,61,0.025520977314289022,0.04631108209682385,0.03841233516326142
3,62,0.025643772922637986,0.04576300803196113,0.03789995848898896
3,63,0.024912177198907225,0.04510122501878102,0.03748314785819747
3,64,0.025572822679106783,0.04529236939470471,0.03817374334518087
3,65,0.02554957427811332,0.04518482840952028,0.037701227124585714
3,66,0.02529215571902147,0.04589240294242942,0.037603137686926524
3,67,0.025059368393224913,0.04547926483383591,0.037442750845896246
3,68,0.025447650835281464,0.044636698050173715,0.0383997273271196
3,69,0.026325738829810444,0.04559957306945506,0.038570505420868824
3,70,0.025807118020588306,0.04544937750203785,0.037843137200701114
3,71,0.02428150874358125,0.04350607358457939,0.03551519268195596
3,72,0.024006393897097286,0.044456383150289235,0.03644307614190549
3,73,0.02400145161806083,0.04434338371171042,0.03687406282300837
3,74,0.023877375123159187,0.04516854969210643,0.03692635922053446
3,75,0.02393664483253549,0.04517017911920058,0.03696367698835164
3,76,0.02387284546545366,0.04464445890802196,0.03675682294646518
3,77,0.02362447134332686,0.04545903294540542,0.0370413935954199
3,78,0.02347718033848739,0.044353652187359836,0.03616307233216871
3,79,0.023687527469563777,0.045018682964214365,0.036472322357630274
3,80,0.02370739017227074,0.04542563203466381,0.0367561650757746
3,81,0.02299487318207578,0.04271981790691662,0.034937730396510415
3,82,0.021881930620931998,0.04352203964483748,0.035414814300030364
3,83,0.02172282668648333,0.04334888183932538,0.03537357080961458
3,84,0.022284774541309695,0.04444662688848118,0.0363158092408957
3,85,0.0230368152715084,0.04407211257150779,0.03582403181568567
3,86,0.023158668154260008,0.04497659698831456,0.03630482201311958
3,87,0.023046868239961018,0.04445120441348955,0.03590436865825478
3,88,0.023269023246517997,0.04458359175891034,0.03633631934908313
3,89,0.021446822869886712,0.04253849178538129,0.034421085555249184
